848,12,2,0.000528450111710515,0.0255081108701564
848,130,2,-0.000161190740001513,0.0225179601042267
848,104,4,2.24108295825313e-05,-0.0195883703933273
848,129,4,-0.0019723992917885,0.0415248918104092
848,14,5,0.000673623603924857,0.0672293696202741
848,27,5,-4.49746750574506e-05,0.0290704589825231
848,78,5,4.69039340566118e-05,0.0161142089820181
848,25,6,0.00944395340079776,0.0436614189757198
848,65,6,-0.000173036279713465,0.0294652852259411
848,11,7,0.0109341190094607,0.0528612479901046
848,324,7,-4.76486759136764e-07,0.0431049534130521
848,22,9,0.00224350717580507,0.0516442344581973
848,51,9,4.49576110666228e-05,0.0307652932305909
848,7,11,0.00569747559473448,0.0732075693738077
848,81,11,-0.00176299127937615,0.0678404324607378
848,2,12,0.0105191406333026,0.0275926908359739
848,61,12,-4.96537653054408e-05,0.0179155389795044
848,5,14,7.81051874772697e-05,0.0508959665028179
848,102,14,-0.000915533830749889,0.0489890826835183
848,347,14,0.0267859810478193,0.0949812143652761
848,19,16,-0.00111773870021441,0.0610259056892838
848,33,16,-0.000354097154336794,0.0454118390205585
848,16,19,0.0200725083995183,0.0320209544230559
848,44,19,0.000332763233565901,0.0571692119690933
848,65,19,-0.000211403321228311,0.0853455781941126
848,33,20,-0.00221523115783316,0.0812710246439068
848,41,20,2.03999785729624e-06,0.0491527916234842
848,9,22,0.00381438590655948,0.0271141381756863
848,27,22,-4.02573198923903e-06,0.0324349540485415
848,6,25,0.00422412343398677,0.0200424183467312
848,119,25,-0.000132247034257585,0.0370894022081507
848,5,27,0.00020417249641204,0.029518230470799
848,22,27,-0.00224350717580507,0.0516442344581973
848,324,27,-9.21297085075801e-07,0.0511862256171792
848,51,28,0.000316199767776389,0.100119720923017
848,74,28,-0.00489377560552059,0.10755053363632
848,81,28,0.00099702836707766,0.122408681863661
848,50,29,0.00034904771192566,0.0245553606973821
848,89,29,-0.00140173104777719,0.022113584993527
848,112,30,3.5040179596527e-05,0.0358309256308672
848,118,30,0.0021038159412985,0.0837123830301704
848,59,31,0.000265846535872424,0.116687922962215
848,143,31,-0.00167911257869411,0.127422993921949
848,39,32,-0.00089724750391682,0.124826502748892
848,87,32,-0.000138136009782305,0.0189679008869503
848,163,32,0.00428654755155091,0.193270310718955
848,16,33,-0.0200725083995183,0.0320209544230559
848,20,33,0.0108211754427774,0.0695659407796944
848,51,33,0.000582417425307169,0.12380845041243
848,71,33,0.0135348739451332,0.0361730879163499
848,41,34,-3.39823923465482e-05,0.0362682262701468
848,43,34,-2.59799174951025e-05,0.026657771295121
848,32,39,-0.00348638007081666,0.0873526127997541
848,46,39,0.000472862917663934,0.0486524706640365
848,67,39,-0.00107813880627025,0.0781019523510632
848,20,41,-0.0108211754427774,0.0695659407796944
848,34,41,0.00594371423370057,0.0421009248402797
848,56,41,-3.97689399714023e-05,0.0373763528333856
848,102,41,-8.48060284565102e-05,0.110176950824108
848,43,42,-2.46010214140178e-05,0.0158229718416422
848,56,42,-7.2388546199181e-06,0.0383823096165525
848,173,42,0.00245693702836013,0.0568655024231711
848,34,43,-0.00594371423370057,0.0421009248402797
848,42,43,-0.000639482463103696,0.0621942515919966
848,65,43,-0.000103878141736227,0.0692237339017508
848,19,44,-0.000953819507413421,0.102240872166693
848,87,44,-0.000160489316280319,0.0108388682694239
848,119,44,-0.000290730082536974,0.0678637487401429
848,111,45,0.0138038166000991,0.0467606696723338
848,163,45,-0.00107814707606897,0.0527100034519899
848,176,45,0.00767092272241571,0.0582749023099405
848,179,45,0.000166585547691222,0.0934310091829068
848,39,46,0.00205259526155035,0.0717491275035181
848,87,46,-0.000372862064053769,0.0461249168805341
848,103,46,0.000246841262378415,0.12985277641151
848,144,48,0.00470677071633401,0.0257862212974702
848,149,48,-8.73824223067571e-05,0.0196967691346597
848,81,49,-0.00475073589553615,0.107134731039789
848,125,49,0.00161985588254947,0.00525263690452546
848,29,50,0.00195180401608376,0.0190715856115123
848,107,50,0.00943100499697892,0.0167111445345219
848,108,50,-0.000736867737222401,0.0693420970996537
848,9,51,-0.00381438590655948,0.0271141381756863
848,28,51,-0.00036235998573779,0.117620824325717
848,33,51,0.000838026848125543,0.08042827238341
848,103,51,0.000157575003198541,0.123268210877077
848,84,52,0.000617944819381475,0.109976793120763
848,87,52,0.000204596269938029,0.0684373287729628
848,162,53,6.55463558583292e-05,0.0360595147541624
848,166,53,0.000285333079634771,0.0759433418521338
848,58,54,0.000207457599452601,0.0479057562800367
848,66,54,-0.000143618928479991,0.0396813587569456
848,88,54,-2.70951365294936e-05,0.0504893806896227
848,60,55,-0.00471418743569469,0.0444355030900128
848,41,56,-4.79513663525684e-05,0.0168559136310794
848,42,56,0.000308966857993457,0.0425664691227368
848,62,56,0.0126100191520188,0.0421112151973639
848,86,57,0.00121844477365994,0.0476709720789794
848,108,57,0.000289887010701311,0.115788178460131
848,135,57,-3.66892523031847e-05,0.0294284032523444
848,54,58,-2.45249526366151e-05,0.036172762109176
848,61,58,-3.00584227891071e-05,0.0150776197112907
848,101,58,0.00743989420661437,0.0780857599417486
848,31,59,0.00672174025811816,0.155434899837588
848,89,59,-0.00142951300599209,0.0496361809858769
848,135,59,9.90819164920364e-05,0.113000130429055
848,55,60,-7.32884104397677e-05,0.0415887598603115
848,81,60,0.00150865590378452,0.102472630285125
848,86,60,-0.00514721564017843,0.153167072815554
848,12,61,-0.000528450111710515,0.0255081108701564
848,58,61,-0.000525794702661167,0.0822113756182074
848,66,61,-6.9521577943808e-05,0.0292018258774171
848,56,62,-0.000101331685057905,0.0148922817648364
848,112,62,-9.50220114448123e-06,0.0309610155919098
848,96,64,0.000952356047636197,0.0397172400314872
848,195,64,0.00503200003228351,0.024057913586134
848,213,64,-2.04905958360708e-05,0.0557499667665426
848,6,65,-0.00422412343398677,0.0200424183467312
848,19,65,1.15193101486214e-05,0.105286721957511
848,43,65,1.43615136244775e-05,0.0479018428957095
848,66,65,0.000101077016523815,0.0683049917774656
848,54,66,-5.61085724120941e-05,0.0345740853662626
848,61,66,1.45332728727446e-05,0.0284185069269616
848,65,66,-3.8285152852798e-06,0.0831972065009623
848,173,66,0.00189356726930524,0.0615303536847205
848,39,67,0.00116552834512938,0.0602305745877187
848,74,67,0.00239142525989983,0.133255924414276
848,108,67,0.000865632439553087,0.099985070249105
848,137,69,0.00843901913516957,0.0368945678080117
848,235,69,0.000852340069006842,0.0419496423519052
848,33,71,-0.00140762427658676,0.0547618371828615
848,78,71,9.03222138669106e-05,0.0405421887663313
848,99,72,0.00234746582068446,0.147932914274189
848,199,72,-0.00405706969355266,0.0461928121626584
848,281,72,-0.000373769024029681,0.110875662823621
848,102,73,-0.000537131369935597,0.0797013358419306
848,112,73,1.07664639948659e-05,0.0219699437400651
848,211,73,0.00019716122456328,0.0548840251048718
848,28,74,-0.000142072691264192,0.13853398888942
848,67,74,-0.00177218925845991,0.139073569406434
848,103,74,0.000442744369721386,0.0272235085722348
848,138,75,0.00835909730762218,0.0918199664589827
848,170,75,0.0151019041852967,0.144732062914951
848,195,75,-0.00503200003228351,0.024057913586134
848,5,78,7.88764673327979e-05,0.0240978468046718
848,71,78,-0.0135348739451332,0.0361730879163499
848,102,78,-0.000842716245792409,0.0365892042621167
848,84,79,0.00177172304842477,0.0451861886354648
848,130,79,-9.00847269303653e-05,0.0647431906243821
848,287,79,0.00916387934038898,0.0691439081959026
848,246,80,0.00991859111955311,0.0220925834064534
848,255,80,-0.00411772474660345,0.0491038415872108
848,11,81,-0.0109341190094607,0.0528612479901046
848,28,81,-0.000132062308449334,0.143532712629072
848,49,81,0.036946355081791,0.103301552159963
848,60,81,0.0118814712285314,0.127284469057103
848,89,82,-0.00201572199052046,0.101228889762311
848,142,82,0.00150901199633709,0.10192544019993
848,142,83,0.00383380341644226,0.170931877965748
848,146,83,-0.000132167112765871,0.12516113298605
848,52,84,0.0200846259589628,0.0729163379553399
848,79,84,5.11339421156247e-05,0.0473958299158703
848,130,84,2.10857411951304e-05,0.0475964149896204
848,287,84,-0.000946704579203844,0.136666350995422
848,105,85,1.68772583473719e-05,0.0114458278771788
848,149,85,0.000410369756935459,0.0946778913042889
848,198,85,-0.00379182368779589,0.0805872279548262
848,57,86,0.000386983577895641,0.0439737435633197
848,60,86,-0.0157907047184572,0.182234563615355
848,135,86,-3.70804514723383e-05,0.0687073186042326
848,32,87,-0.00210682329650909,0.0174049795082106
848,44,87,-6.75265239128217e-06,0.0508524266755027
848,46,87,0.00042027715177442,0.0451087551912787
848,52,87,-0.0200846259589628,0.0729163379553399
848,54,88,1.39437477428447e-05,0.0397422926530821
848,145,88,0.00108357004708848,0.0434154118221932
848,148,88,-0.000856026654864292,0.0320841193315668
848,29,89,-0.00195180401608376,0.0190715856115123
848,59,89,3.46898007730316e-05,0.0453249582333337
848,82,89,0.00667588229545491,0.0811627785393455
848,99,89,0.000897489733616267,0.214204851559466
848,135,89,0.00018256848830457,0.119840423369419
848,232,90,-0.000107528113816834,0.0124220726258756
848,278,90,0.00536091977980122,0.0200751662090442
848,116,91,0.00242966360320393,0.0210984051389293
848,183,91,-0.00721441030414397,0.0570461338792837
848,200,91,0.00023148009778226,0.0154058181662445
848,258,91,3.25810931278675e-05,0.0276301981258208
848,176,92,0.00911030645845813,0.118735081258016
848,327,92,0.00165960709462196,0.108281196577541
848,138,94,-0.00835909730762218,0.0918199664589827
848,139,94,0.000347504347067361,0.119352984226951
848,287,94,0.00944309764847595,0.140685571564941
848,113,95,0.0121095706685625,0.123038632482064
848,144,95,0.0061599694254645,0.0819169974581955
848,64,96,-2.3303608926389e-05,0.0267418687080208
848,139,96,-0.000757895210318648,0.128471518977417
848,192,96,0.00578790056982388,0.121843452731544
848,100,97,3.49451045504848e-05,0.0363028799394526
848,200,97,0.000144352582643109,0.0911261608366439
848,72,99,-0.000182476105311483,0.151714050889671
848,89,99,-0.00192934080568726,0.196695617088864
848,114,99,5.86646831971687e-05,0.0170184037843147
848,97,100,0.00050782597049744,0.0453182839196069
848,112,100,1.20792051228297e-05,0.0456741762755132
848,211,100,0.000310240040327642,0.0640167122920485
848,58,101,0.000771222087093563,0.107644273680605
848,235,101,0.000921595066405594,0.0961526829297815
848,14,102,-0.000125886108117311,0.0307014037409901
848,41,102,-9.00490294658199e-05,0.0907722192728961
848,73,102,0.000704864097676511,0.0792114430581337
848,78,102,-4.93851357014718e-05,0.046055282803648
848,46,103,-0.000196173983652902,0.117353775893398
848,51,103,-0.00108191637314997,0.150237855732281
848,74,103,-0.00244390596919807,0.0273163626875878
848,4,104,0.000954660270139147,0.0134281487254253
848,85,105,0.00265075958710028,0.0241081417613867
848,107,105,-0.00943100499697892,0.0167111445345219
848,281,105,-0.00017868246416525,0.0208208640988877
848,50,107,0.000361051691623182,0.0460933812132237
848,105,107,-9.03110886842767e-06,0.027331523247849
848,50,108,-0.000161653348293458,0.0508410139815562
848,57,108,0.00247875445843382,0.111073987307135
848,67,108,0.00135825033571484,0.135695792529764
848,129,108,0.00342544901844051,0.177052770097578
848,140,109,0.000511434102584863,0.0135089365318133
848,197,109,0.000765072420326889,0.0146604746423056
848,222,109,-0.000223212677466875,0.0400304085162507
848,45,111,1.51585846418954e-06,0.0352921189757967
848,327,111,0.00140800205099358,0.0469647811590032
848,30,112,-0.00590546156074667,-0.0578931822882508
848,62,112,-0.0126100191520188,0.0421112151973639
848,73,112,-0.00113519019979535,0.0201660870667863
848,100,112,4.92201189526689e-05,0.0341444863719885
848,95,113,0.0171612829342622,0.0712870193316792
848,302,113,0.000284057496716239,0.12958275016924
848,99,114,0.00331157624056405,0.0114828458181595
848,155,114,0.000840600066171342,0.0171949462843766
848,199,114,-0.00871501982684805,0.064851339726048
848,91,116,9.12882959381446e-07,0.0264278135293017
848,439,116,2.38937695079751e-05,0.0116104725156294
848,278,117,0.00571940135136569,0.0555465786868926
848,303,117,0.000111565891354303,0.0275794588744291
848,304,117,-0.000493884058008481,0.0152738204746172
848,30,118,0.00590546156074667,-0.0578931822882508
848,123,118,1.73651586450315e-05,0.090181231263209
848,25,119,-0.00944395340079776,0.0436614189757198
848,44,119,-0.000547556946721032,0.0604041286722303
848,130,119,-0.000309341881549063,0.095156433195005
848,156,122,-0.0017090338525911,0.105554839092458
848,337,122,-0.0154179054986494,0.17938107658628
848,118,123,-0.0021038159412985,0.0837123830301704
848,148,123,-0.000568689654630909,0.0662096508524661
848,183,123,-0.00109264009926319,0.133276091065265
848,286,123,-0.000377937159778229,0.0455568448621181
848,49,125,-0.036946355081791,0.103301552159963
848,170,127,-0.0151019041852967,0.144732062914951
848,235,127,-0.00100329989553861,0.152205141112481
848,4,129,-0.000954660270139147,0.0134281487254253
848,108,129,-0.00138725913609085,0.156212063209605
848,176,129,-0.00561824714165642,0.213394144185958
848,2,130,-0.0105191406333026,0.0275926908359739
848,79,130,-6.9622301530299e-05,0.0874819135147662
848,84,130,0.00229556944167172,0.0423107901077569
848,119,130,7.34411629068789e-05,0.129968578351911
848,134,132,0.0119517838547045,0.0461729897349848
848,166,132,0.000399619093882151,0.0309582677806626
848,132,134,0.00354441038991507,0.0554395087807796
848,197,134,0.00123571764690532,0.134496509510778
848,207,134,-0.000370517339993694,0.150583115532765
848,57,135,-0.00118031384557317,0.0946015866898805
848,59,135,-0.000160454106749404,0.0727942075729666
848,86,135,0.00574401895183408,0.142198067491184
848,89,135,0.000527493801298268,0.1039715286175
848,69,137,0.0117937152496349,0.0218326990570379
848,169,137,-0.00268218643772362,0.227172955015565
848,174,137,0.000676735950504142,0.0878053671177359
848,305,137,-1.85523196041871e-05,0.00135628802447549
848,375,137,0.0103740605848161,0.107411238930461
848,75,138,-4.87604097420608e-05,0.0510986016573774
848,94,138,-0.00422207657576763,0.0991510695202348
848,94,139,0.00778644984519901,0.164818544582292
848,96,139,0.000664206305634002,0.132301374749859
848,162,139,-0.000242445598719281,0.0497380131912202
848,171,139,0.000195176509603929,0.0541078789534031
848,109,140,2.11167659005855e-05,0.0309443795570098
848,251,140,0.00903601602965884,0.0137030630140083
848,82,142,-0.00667588229545491,0.0811627785393455
848,83,142,0.00909542795399312,0.134074006504436
848,143,142,-0.00706784785936337,0.125077930576769
848,31,143,-0.00672174025811816,0.155434899837588
848,142,143,-0.00584629374252218,0.133788005951239
848,187,143,0.0207910251203875,0.0705429427178802
848,298,143,0.0485884903298245,0.181046196789169
848,48,144,0.0124108134966146,0.022756840021241
848,95,144,-0.0171612829342622,0.0712870193316792
848,198,144,-0.00486025777826058,0.173282534651468
848,269,144,-0.0339551109032336,0.0536911927529499
848,88,145,-0.000324757459026897,0.0552989805613106
848,191,145,-8.67600626951949e-05,-0.0307122969286079
848,286,145,0.00014741177928985,0.133066887829603
848,291,145,-0.00216370740011307,0.142472488208445
848,83,146,-0.00909542795399312,0.134074006504436
848,201,146,0.000487631910447401,0.0974494709071682
848,216,146,-7.62477227543765e-05,0.091887606848963
848,286,147,-3.82141553483451e-05,0.0760833668490396
848,299,147,0.000257479700363412,0.0679329515782744
848,88,148,-1.17439649108922e-05,0.0494401011124041
848,123,148,-5.26176034063047e-07,0.0494744275675981
848,173,148,-0.000872844288114162,0.117497824044215
848,286,148,-0.00109190309888814,0.1128894486353
848,48,149,-0.0124108134966146,0.022756840021241
848,85,149,0.00712540170941809,0.0699775526307894
848,327,149,0.000219326455483139,0.129831192296607
848,219,151,-0.00422090207900187,0.145904131964118
848,304,151,0.000317431402789935,0.136099318076812
848,405,153,8.07814779945597e-05,0.0245110396347606
848,114,155,-8.56537956358486e-05,0.0228205088177153
848,167,155,4.86863035838946e-06,0.0295041715388352
848,122,156,0.0314852706738958,0.134162939052773
848,166,156,-3.06301915200527e-05,0.0894392986168831
848,185,156,0.0132722558476342,0.161743901166689
848,223,156,-0.00724016372148487,0.131510321542954
848,331,157,0.000352067960992515,0.0215375311228725
848,167,160,4.76015230712135e-06,0.0154439851430593
848,201,160,3.23302780334336e-05,0.100446558392258
848,214,160,-0.000462214612232718,0.21533496687557
848,323,160,0,0.00505609112095478
848,249,161,0.000966180497008582,0.0620025700515606
848,306,161,-0.0283366099268089,0.122180090299907
848,355,161,-0.000341480546025059,0.0834937582471402
848,53,162,0.0121485568022636,0.0577377842247605
848,139,162,-0.000872608410616671,0.0297860694239997
848,171,162,0.000124724751614187,0.0172869927288469
848,280,162,0.000260080013560152,0.0859858626046156
848,32,163,0.00171453210045173,0.114110878600947
848,45,163,6.35796355226119e-05,0.011646945177557
848,179,163,7.12826835847008e-05,0.157951827076908
848,205,165,0.00644438769726268,0.0611425589595579
848,249,165,0.000804359476015755,0.0547534879326631
848,53,166,-0.0121485568022636,0.0577377842247605
848,132,166,-0.00354441038991507,0.0554395087807796
848,156,166,-0.00309754056921771,0.072029567873534
848,222,166,-1.82619224496988e-06,0.0801415485140567
848,155,167,-0.000840600066171342,0.0171949462843766
848,160,167,-0.00145029505578899,0.0504183471288673
848,201,167,0.000540621291559721,0.00497562549529175
848,317,168,-0.000157446755265947,0.0479208631307883
848,452,168,0.0173266616268747,0.0457648341971204
848,137,169,0.00570369247320375,0.235451726010142
848,193,169,-0.000301730132195571,0.0101823760470787
848,239,169,-0.00266082905967531,0.210410364497733
848,75,170,-4.12682334489824e-05,0.110644296919742
848,127,170,0.0298660851239837,0.146744526134051
848,139,171,-0.000831933473178737,0.0536332328741008
848,162,171,-5.20594376010921e-05,0.0301505305115083
848,207,171,-0.00170969238825486,0.089948793575624
848,182,172,-0.000112000100131863,0.0215528199154187
848,319,172,0.00575401696338428,0.0718709288065594
848,42,173,0.000342499965173467,0.0967726296359366
848,66,173,-0.000121929115682444,0.0642086641767295
848,148,173,-0.00108248764708795,0.123396035949813
848,137,174,0.00472071450250858,0.120356819684785
848,233,174,0.00126515464275741,0.107684865883957
848,235,174,0.00245949780750343,0.0992775059241215
848,236,174,-0.000358936140185404,0.0365361932620386
848,375,174,0.00786710353382892,0.0724385720396191
848,255,175,-0.00462178875619044,0.0863206672069513
848,302,175,-7.09311293273814e-05,0.0105324180615487
848,329,175,0.000508321200145072,0.100823755712336
848,45,176,4.5121865316815e-05,0.0401084276014691
848,92,176,0.0242953910037606,0.127100044391787
848,129,176,-0.00540090922469999,0.164958184917543
848,197,177,-0.000478749239909134,0.203594527468897
848,251,177,0.0101528799045506,0.0791224516448117
848,260,177,-5.45402740651889e-05,0.0820229580391079
848,45,179,6.12169175418461e-05,0.017721416435442
848,163,179,-0.00503173158242565,0.154783317854026
848,280,179,-0.00295989783953299,0.219316991375251
848,287,179,0.00941473287546456,0.0252063512930557
848,296,180,2.72675275922253e-07,0.0102074634576321
848,297,180,-0.000305836209387462,0.00323624453019157
848,386,180,-0.0705299875573515,0.365530028682821
848,422,180,-0.0349269684029865,0.394799263701625
848,428,180,0,0.185338897697793
848,172,182,0.00297911060935724,0.0257835364364737
848,208,182,0.000134737904668599,0.0517939945434265
848,246,182,-0.00991859111955311,0.0220925834064534
848,91,183,-6.33958326694551e-05,0.0701831938800277
848,123,183,-5.09049024591148e-05,0.0977459437177279
848,299,183,0.00034846657449256,0.0682413071779021
848,385,184,-0.00133146798091969,0.0710663040807758
848,388,184,-0.0269263886589976,0.211229734335616
848,448,184,-0.0038022194607778,0.14026550281679
848,462,184,-0.00255759894330822,0.0199154424068933
848,156,185,0.00080958518009202,0.184849239152281
848,280,185,-0.000285548296381697,0.129933124133967
848,240,186,1.64749029933365e-07,0.0138193764484218
848,247,186,2.60027816701433e-06,0.0321401702436053
848,322,186,0.00183054113363645,0.00226820516999712
848,328,186,3.02401971861655e-06,0.0562062284242513
848,143,187,-0.00313737411975389,0.0731843793896324
848,286,189,-0.000530733148432698,0.0851773228206622
848,326,189,0.000327397109861286,0.0590475335358533
848,335,189,0.00276434268288048,0.0225637262069666
848,222,190,-0.000179627551361878,0.043133623077898
848,319,190,0.000680747421953288,0.198088620525849
848,337,190,-0.0209517090429882,0.142574198309747
848,145,191,0.00146967708991775,0.0406389203965754
848,96,192,0.000401969084105182,0.13338866597515
848,207,192,0.000601336172855432,0.0941637421903538
848,213,192,1.2499252442096e-05,0.0164571670906309
848,303,192,-9.80382288200969e-05,0.116038319251131
848,169,193,0.00100953904293971,0.0138599509527314
848,239,193,-0.000638186416928839,0.115837004401795
848,305,193,-4.0682210469312e-06,0.0538644963677884
848,409,193,-8.35882121180133e-05,0.10999155368601
848,209,194,-0.000361737319671917,0.0414759844125164
848,239,194,-0.000270946378125842,0.156192558027401
848,264,194,-0.00281337375481032,0.234382797976208
848,64,195,0.000101963415897853,0.0453725890077574
848,75,195,-0.000157586684329144,0.0390981880612117
848,109,197,1.49940814800436e-05,0.0118685662277521
848,134,197,-0.0158917719285088,0.178319960046144
848,177,197,0.00150498440740323,0.159236371409236
848,85,198,-0.00409936255190551,0.0955705401770036
848,144,198,-0.00132512302511536,0.148832468945553
848,281,198,0.000213474389225532,0.144055305667139
848,306,198,-0.0324836514048924,0.0434737522335383
848,72,199,0.000550738110030814,0.0357264991233002
848,114,199,-2.10508466209647e-05,0.0262397063594801
848,225,199,-0.00604950659566096,0.184985382855334
848,306,199,-0.0084439349423983,0.243631150754606
848,91,200,-2.42595141631228e-05,0.00967381778688124
848,97,200,-0.00050782597049744,0.0453182839196069
848,258,200,1.80111918561301e-05,0.017338379097191
848,146,201,-0.00251270483615398,0.107850850745365
848,160,201,0.00362379565702938,0.187725564370791
848,167,201,-1.17513871969707e-06,0.0326282577623846
848,226,201,0.048960808934473,0.179662583087945
848,323,201,0.0649459658365761,0.151889180806021
848,221,204,0.0263691207685677,0.108817455763895
848,257,204,-4.47064112697574e-06,0.035493216240822
848,362,204,-0.00174072146470888,0.132272757220993
848,165,205,0.00822196800375875,0.0524516668628567
848,269,205,-0.0463876066486376,0.151093470953589
848,306,205,-0.0238956843511202,0.211350836698062
848,406,206,3.17832830324285e-06,0.00984870775739967
848,442,206,-2.97835688376535e-06,0.0120241391813616
848,134,207,0.0252758712039585,0.148648945587881
848,171,207,-9.71023848769047e-05,0.0802191111166858
848,192,207,0.00230448114708122,0.0880237557491341
848,182,208,2.75824790616858e-05,0.0606020300892266
848,273,208,-0.000362291240910367,0.0945621941857828
848,320,208,-0.00558372732124441,0.105469148662844
848,368,208,0.00407184754566576,0.0783432446841453
848,194,209,0.00650149158913408,0.0390034692368719
848,238,209,-0.00189825341541595,0.0826470081376797
848,285,209,0.000102013422198006,0.0386900140179507
848,288,209,0.00158696351983162,0.102013606129657
848,294,210,-0.000182269900620201,0.154606655322927
848,342,210,-0.0127677112087623,0.161994146863566
848,73,211,-0.00194927042474285,0.0827661753150424
848,100,211,5.43356210702064e-06,0.0746082286632353
848,64,213,-0.000133258436104629,0.0412225466996765
848,192,213,0.00153835536859187,0.0155841663192425
848,264,213,0.00367535343251489,0.073523282711205
848,303,213,0.000185533409588446,0.00100442262887823
848,160,214,-0.00447845852801062,0.137634089887142
848,225,214,0.0108507304551473,0.177871866319544
848,284,214,-0.000423941962792969,0.0413025051126932
848,146,216,0.000785055500505625,0.0849719732026633
848,316,216,-0.000557431819707745,0.00410536815645647
848,357,216,-1.30349425884081e-06,0.02469184967159
848,340,218,0.002731241648838,0.0600862412074155
848,460,218,0.00708342774487218,0.0193839584859224
848,151,219,0.00231812773560423,0.11293097411528
848,232,219,-0.000239350780717032,0.0743012328320382
848,260,219,0.000114457649623218,0.129165916621871
848,204,221,-0.00268235753647141,0.073919561311298
848,319,221,0.0065294492757712,0.0601018068497203
848,109,222,-7.4633581937777e-06,0.0458120618629406
848,166,222,0.000410155543743635,0.0501919411524179
848,190,222,0.00216993455443604,0.0406363256105595
848,156,223,-0.00267665280512377,0.127758593437971
848,255,223,0.00329969795806009,0.176382588230027
848,327,223,9.8687083563556e-05,0.215952231429518
848,261,224,0.00207802846738778,0.0874885762522455
848,390,224,0.00471191925170702,0.274114572288556
848,419,224,-0.00091624799293749,0.107086474039219
848,199,225,-0.0119611980813523,0.15740844846424
848,214,225,0.00132679701656408,0.121762175091349
848,355,225,0.000563390971545,0.0510753097578811
848,201,226,0.000226121064512077,0.145727798789266
848,316,226,0.000274808641137082,0.1304327740197
848,242,227,-0.000214393083155916,0.120783756073261
848,269,227,0.000489065416799432,0.174389389888111
848,291,230,0.00393343912425732,0.0480184511196738
848,363,230,0.00079414321858532,0.043401911391217
848,90,232,0.00524900717828008,0.0114312754495284
848,219,232,-0.0031034751293406,0.0754359780536908
848,354,232,0.00537422931715729,0.0339768010118055
848,174,233,-0.000208016972926979,0.102924662776597
848,236,233,-0.000389722414680756,0.0590679829028922
848,275,233,0.00296978737355718,0.0616138025056753
848,291,233,0.00518138020558463,0.0766592271458168
848,313,233,-7.35924929169827e-05,0.120187189645136
848,69,235,-0.0117937152496349,0.0218326990570379
848,101,235,-0.00743989420661437,0.0780857599417486
848,127,235,-0.0298660851239837,0.146744526134051
848,174,235,0.000642378972514753,0.0579425997727843
848,236,235,-0.000255013977529898,0.0729249509905777
848,174,236,0.000555753822851841,0.0372928804044018
848,233,236,0.00250209785301297,0.035643437648808
848,235,236,-0.00134724495543911,0.0829173777932787
848,291,236,0.00769311422836722,0.111207580838009
848,209,238,-0.0005413970145444,0.0649088894096745
848,243,238,1.87849494468731e-05,0.0222550432832825
848,404,238,0.00256224738091554,0.0668926650733717
848,169,239,0.0035717451091187,0.137358321411581
848,193,239,0.000297509578327003,0.124904606824246
848,194,239,-0.00607010084712472,0.243288540175039
848,285,239,-1.10857047046252e-05,0.0480428485957643
848,186,240,1.23095515318067e-07,0.0214722533921896
848,296,240,3.76611604042946e-07,0.00863791281311531
848,356,240,-1.24226923709271e-05,0.061026379747218
848,314,241,-0.00250947579136856,0.0677813879235301
848,320,241,0.00215993916244716,0.10324536182142
848,368,241,-0.00348778948773086,0.16374516528684
848,227,242,0.0154150582017727,0.137242836487599
848,272,242,0.000133455029777575,0.0683767425560518
848,302,242,-5.1689924810439e-05,0.116662026489488
848,329,242,-0.0031601589563901,0.0787902781953514
848,238,243,5.69742006842826e-05,0.0115642548696647
848,285,243,7.947783849791e-05,0.0231481840462306
848,348,243,-0.000171540075838159,0.0383288651395752
848,275,244,0.00253232022901689,0.0112990179656906
848,334,244,0.00014534598007853,0.0829622164021681
848,409,244,4.04633265963998e-05,0.0276733331191264
848,289,245,1.27882018623653e-07,0.0168303781763535
848,405,245,0.000282334616716338,0.0859502797158277
848,439,245,-7.16543424386867e-05,0.0625545509802917
848,80,246,0.0108044403066139,0.0231513352186854
848,182,246,-0.000107343250622641,0.0391323377833188
848,186,247,2.62449465164336e-07,0.0162845659953954
848,335,247,0.00283580624244374,0.0297039587265575
848,356,247,3.38304966004679e-05,0.00950562071967664
848,363,247,0.000606973198408867,0.0067345327522121
848,336,248,-3.96339736572143e-05,0.0746795404669611
848,455,248,-0.0028930143611034,0.0673684379069572
848,161,249,8.45204296565537e-05,0.0567621274367876
848,165,249,-0.00822196800375875,0.0524516668628567
848,318,249,0.0162918071332383,0.0104670773203571
848,389,249,-0.00185366933936491,0.126985227345432
848,390,249,-0.0151477744845727,0.130116318386476
848,438,250,-0.0166861836433323,0.0469741883338862
848,448,250,0,0.00395539447076425
848,520,250,0.000101326732880331,0.00809359553857495
848,140,251,-0.000511434102584863,0.0135089365318133
848,177,251,0.00930039628082275,0.0702675402273906
848,252,251,-0.0104129367963015,0.159076603299617
848,319,251,0.00137902730713564,0.15068644132779
848,321,251,-0.000412345848555712,0.00961728886887811
848,251,252,-0.00136264856702566,0.205333714915364
848,260,252,0.000227628231330108,0.103863313729707
848,321,252,-0.000977606730020275,0.0712928056594314
848,387,252,-1.14607556819295,0.750682435118245
848,268,253,-0.00117391834732552,0.00786087554437463
848,344,253,-6.08302886468369e-09,0.0159081270174096
848,415,253,-0.000385417558485609,0.042647057134769
848,312,254,-0.00474708215937648,0.0712624819477957
848,461,254,0.00405561463513192,0.113974341424391
848,80,255,-0.0108044403066139,0.0231513352186854
848,175,255,-0.000819168717457164,0.112614671643317
848,223,255,0.0106477025125389,0.192977399548933
848,302,255,-0.000246862021523492,0.106084549872073
848,337,255,-0.0114199997177918,0.262572136706007
848,382,256,0.000990436606057527,0.0363370797123702
848,408,256,-0.000926335403645186,0.0213432907793194
848,204,257,0.00158000548524088,0.0253546741072742
848,321,257,-0.000509064185494824,0.0461123925609455
848,387,257,-0.966609018646319,1.01190430815151
848,91,258,1.90251154699714e-06,0.0344631515800391
848,200,258,9.81311435342485e-05,0.0411404242090159
848,263,258,-0.000206490242148828,0.071262045851277
848,295,259,0.0273397375005591,0.181456388428063
848,374,259,0.0423019552327545,0.349996711588969
848,392,259,0.00257533734979364,0.227381237249171
848,177,260,-0.00860552254543836,0.102478605701766
848,219,260,-0.000166284153827413,0.106518232440297
848,252,260,-0.00449280007436607,0.107357274629233
848,401,260,-0.000750068720237885,0.0853644202927092
848,224,261,-0.00529435239440508,0.141741988421547
848,284,261,-0.000289507651125533,0.0503149475726537
848,323,261,0.0088938945746027,0.220103582443804
848,419,261,-0.000478753751281398,0.0336833933491729
848,309,262,0.000515909972631035,0.0273149889174946
848,345,262,-0.0025785550461944,0.209431068308929
848,397,262,0.000546945122108336,0.0775240781015142
848,258,263,-3.02089831777616e-05,0.0638706679161526
848,367,263,0.00262734009589119,0.0121801632172662
848,407,263,0.000414596794800478,0.0486540844446994
848,194,264,0.0126903279685484,0.17847363980721
848,213,264,9.59635694956904e-05,0.0649470286311882
848,288,264,-0.000994822413621992,0.0945284049245064
848,303,264,3.50076852352002e-05,0.144854696642466
848,309,265,0.000555106018750696,0.070860395758432
848,371,265,-0.00178643915733177,0.0672336686229623
848,278,266,0.00511086503898769,0.0801954697936101
848,383,266,-0.000303474206024781,0.0811816147801873
848,314,267,-0.000587307927823353,0.131862638575271
848,370,267,0.00360604684078021,0.0869664355906394
848,382,267,0.00185705590033436,0.163850698465414
848,253,268,-4.47665445773786e-05,0.00197454414038908
848,331,268,0.000622084316469518,0.0606119681041451
848,362,268,0.00191155729743268,0.167758382601745
848,445,268,-0.000433364482675334,0.124171636412107
848,144,269,0.00333055278156989,0.108974009119817
848,205,269,-0.00312661875610515,0.232439337731373
848,227,269,-0.0154150582017727,0.137242836487599
848,294,269,-0.000563920877079326,0.163998755624219
848,344,270,-2.72015636641114e-08,0.014823015004556
848,387,270,-0.40108219263535,1.43970318100923
848,398,270,0.00315003487254594,0.259872940346016
848,358,271,0.00956742873065992,0.131437003908504
848,412,271,0.00307598980282263,0.121996498505774
848,242,272,0.00066110041732781,0.0663531118415207
848,320,272,-0.00315148299060068,0.0651882008931235
848,342,272,0.0219149990571518,0.024539181539101
848,208,273,3.70428879559374e-05,0.0955382443800324
848,368,273,0.00312439229092044,0.026659387985812
848,408,273,-0.000197972094944273,0.102147852918789
848,233,275,0.00272314942717305,0.0469034539735503
848,244,275,-0.000513195855957637,0.0331489988518323
848,334,275,0.000951784038652069,0.0162798333354562
848,375,275,-0.00194446975707071,0.197152261432404
848,428,275,0,0.103062836824005
848,90,278,-0.00524900717828008,0.0114312754495284
848,117,278,4.03571538694491e-05,0.0614461578623435
848,266,278,0.00698421080428813,0.0874441810675483
848,288,278,-0.000648984606158401,0.172152641145885
848,360,278,-0.0155802067101006,0.129743585533808
848,385,279,-0.00129271614362102,0.148029862768604
848,397,279,0.000656252251297793,0.101418466171355
848,162,280,0.00014181665182764,0.0940950254854407
848,179,280,4.64521210219249e-05,0.103032659450733
848,185,280,-0.0132722558476342,0.161743901166689
848,287,280,0.0112795143362335,0.131607833308654
848,72,281,0.000673142512199622,0.0972134670328389
848,105,281,3.6632026872457e-06,0.0140993567936901
848,198,281,0.00658964397987937,0.140730836978193
848,306,281,-0.0349618074178608,0.0794213789050747
848,405,282,2.99035044843474e-05,0.027571298599696
848,506,282,0,0.00219266257673687
848,315,283,-1.50430477754474e-05,0.0350874866855358
848,395,283,-4.55373301008429e-05,0.0478647199058781
848,409,283,0.000142753311445457,0.0723852623915366
848,413,283,-6.30702855398558e-06,0.0159442069906161
848,214,284,0.000996301518312584,0.038400990340479
848,261,284,0.00185468581151166,0.0435107060157552
848,355,284,0.00111154920531897,0.0783498540907122
848,209,285,-0.000355632599778123,0.0420356103054168
848,239,285,-0.00134819518177349,0.0490765573620244
848,243,285,3.12123104479933e-05,0.0250636835050403
848,123,286,-6.04306655145227e-05,0.0398565536137398
848,145,286,0.00294779112068306,0.14787833912476
848,147,286,0.00411938133704548,0.0727329273091136
848,148,286,-0.000236241766479026,0.105822067440876
848,189,286,0.000503930135831557,0.110649539513143
848,79,287,0.000131834989570054,0.0910819002443749
848,84,287,-0.000227477827439868,0.131960496664821
848,94,287,-0.00986178762014894,0.171518808648441
848,179,287,0.00011123321798029,0.0390347217240504
848,280,287,0.00334195864047897,0.212517848325878
848,209,288,5.66629648173025e-05,0.0855636796051173
848,264,288,0.00248076763454551,0.082011016518085
848,278,288,0.00138814128961475,0.15894315415142
848,245,289,0.0002592085048377,0.0213266810405245
848,328,289,2.99451450306552e-06,0.0596475960172456
848,343,289,7.85916208452365e-05,0.0549957210442726
848,145,291,-0.00117243081568289,0.163488086130349
848,230,291,0.000456198046080038,0.0643108722744136
848,233,291,0.00259734360011626,0.0788905214857965
848,236,291,-6.03872904145303e-05,0.109663402288242
848,406,292,4.38383365240682e-06,0.0190255786020338
848,447,292,-2.85251126168371e-05,0.000168798553802679
848,210,294,0.0247509512362341,0.11873454599588
848,269,294,2.24160076104825e-05,0.208124161916191
848,309,294,2.34063921809916e-05,0.127967279414478
848,259,295,0.017710686147017,0.179150288752009
848,408,295,-0.000402234830755691,0.159238877899464
848,180,296,3.7476960605505e-06,0.00993759713638731
848,240,296,1.6748089350989e-07,0.0139656837771921
848,356,296,1.1784366303149e-05,0.00148950959292173
848,386,296,-0.101893379225182,0.0546090705263987
848,180,297,1.1519192866286e-06,0.0215577424375139
848,356,297,-1.55495041569993e-06,0.060828459295363
848,363,297,0.00070336606603686,0.020383500344344
848,143,298,0.00361748181098421,0.138252663872926
848,147,299,-0.00411938133704548,0.0727329273091136
848,183,299,-0.00519339353400991,0.0562751229571832
848,326,299,0.000152094588972331,0.0205256436980164
848,439,299,0.000171816223942138,0.124754789828989
848,113,302,-0.0121095706685625,0.123038632482064
848,175,302,-0.00058342922742942,0.0289992255807461
848,242,302,-3.09406344406679e-05,0.0693184525825558
848,255,302,-0.0034994471329088,0.12119386844854
848,117,303,8.79845220121879e-06,0.022232138199819
848,192,303,-0.0053004290477393,0.140707765576685
848,213,303,1.46902620666621e-05,0.0132392206612812
848,264,303,0.00507404601750386,0.168958289809973
848,304,303,-0.000769654935680674,0.101517041140716
848,117,304,-4.03654877355756e-05,0.0290628061446257
848,151,304,-0.00231812773560423,0.11293097411528
848,303,304,0.000514224346170537,0.145949690852518
848,137,305,0.00939303999274088,0.0394912185636662
848,193,305,-0.000417189628436059,0.0439381709754915
848,375,305,0.00665997844103926,0.0523930972551439
848,161,306,0.000134385921799735,0.072267476414508
848,198,306,-0.00213536902422291,0.0867605712469499
848,199,306,0.00606830717393248,0.20424848100292
848,205,306,0.00896551658042962,0.140101643708199
848,281,306,-0.00026756070265528,0.089030993617426
848,360,307,-0.00640484406530789,0.055819957139269
848,361,307,-4.89099771428868e-05,0.0839836744236836
848,311,308,0.00131052752647042,0.0429562966053523
848,394,308,-4.62139299948063e-05,0.0244350265653993
848,458,308,0.000899707690736746,0.0674515507445076
848,262,309,-0.000536144965819395,0.0362856464302916
848,265,309,0.0101665612716831,0.0620311462962617
848,294,309,-0.00555110161504232,0.116104641089459
848,345,309,0.0136846983375484,0.117796502401176
848,316,310,-0.000908531794359046,0.162647448016374
848,317,310,0.000368212974464959,0.102942913996135
848,357,310,-8.99477710787161e-08,0.0197901079038885
848,308,311,-4.9743436123715e-05,0.0433812612556686
848,341,311,0.00174363545927567,0.0462013378864436
848,254,312,0.0181164205872605,0.0768449441003032
848,412,312,0.00268276808491676,0.187567618792972
848,436,312,0.0314667457839975,0.175362321600277
848,446,312,0.000283948535895207,0.0699431464241463
848,233,313,0.000736762927723042,0.114597774977942
848,363,313,0.00193611439216715,0.124572006733117
848,428,313,0,0.405275489002813
848,241,314,-0.000198792472042477,0.0230933143826362
848,267,314,0.00290410032551244,0.151442596706835
848,342,314,0.0298424911881444,0.155981553893371
848,283,315,-0.000487653240789604,0.058781169923846
848,395,315,1.58081667690165e-05,0.0222904120915759
848,470,315,0.00020101133095006,0.082666930699523
848,216,316,-2.0634948826989e-06,0.039699177969934
848,226,316,-0.048960808934473,0.179662583087945
848,310,316,-0.00684819231631127,0.15520799895919
848,317,316,-4.17432139571927e-05,0.0196701107277922
848,168,317,0.00532064042877523,0.0328561971934887
848,310,317,-0.00368533822990641,0.0907673280512291
848,316,317,-0.000495955442964152,0.0688084440498911
848,330,317,-0.000995651176537775,0.0984169111497099
848,359,317,1.44353734931991e-07,0.0117873400579037
848,249,318,0.000596491046207066,0.0218359828634632
848,349,318,0.0121309467952928,0.107581428826442
848,389,318,-0.00207693241373657,0.0381364706292436
848,390,318,-0.0141884430225991,0.153726288493446
848,410,318,0.00109551766778119,0.0549468601935425
848,172,319,-0.00297911060935724,0.0257835364364737
848,190,319,0.000577486706391691,0.311041865851997
848,221,319,-0.0263691207685677,0.108817455763895
848,251,319,0.0093450571346912,0.134110000550089
848,321,319,0.000644686492424964,0.121343361523543
848,208,320,-9.85417462357235e-05,0.0788919609558685
848,241,320,0.00284020720479073,0.133578067067193
848,272,320,-9.10622326933845e-05,0.0700932343727667
848,329,320,-0.00022412106861222,0.179626415821074
848,251,321,0.00963885253216783,0.0468236823219736
848,252,321,-0.00743046132015284,0.0543525669700582
848,257,321,7.31083931290608e-06,0.0678244452723958
848,319,321,0.00618675880849854,0.155388756657811
848,186,322,1.70619361713194e-07,0.0167668351356354
848,326,322,0.000157591432827114,0.0142978355546088
848,328,322,7.84457686671363e-08,0.049531691108548
848,335,322,0.00373613901923516,0.13041058830165
848,160,323,-0.001112298664122,0.0219426251339529
848,201,323,0.000854883161101361,0.102823282208502
848,261,323,-0.00047082199467826,0.155871442589129
848,452,323,-0.00196130325157207,0.152313597548329
848,7,324,-0.00569747559473448,0.0732075693738077
848,27,324,-1.28829052688537e-05,0.0384409580798575
848,189,326,-0.000221860782319499,0.0435444752548536
848,299,326,0.000254077455507562,0.0140976436128901
848,322,326,0.00199064356938381,0.0682461481551152
848,343,326,-0.000261457045429685,0.0812076084291073
848,92,327,-0.0242953910037606,0.127100044391787
848,111,327,-0.0138038166000991,0.0467606696723338
848,149,327,-0.000448055527295468,0.154619859246961
848,223,327,-0.00870167601169687,0.255381822285715
848,186,328,2.7006393093357e-07,0.0149599414256279
848,289,328,-8.37266003509568e-07,0.0158863093312748
848,322,328,-0.000304171570357416,0.124869784292865
848,175,329,0.000253956904917415,0.144413486377309
848,242,329,-0.000111058191751596,0.0615206066607847
848,320,329,-0.0031719052707367,0.164921449413943
848,317,330,-7.82728754994538e-05,0.117025912528333
848,359,330,2.79685318039393e-07,0.0175934742464911
848,430,330,0.00257044111435754,0.119762766065843
848,450,330,-0.0011381601815297,0.130611086472804
848,157,331,-1.45981607117305e-07,0.0120884688794465
848,268,331,-0.00160906792622192,0.073168784993643
848,366,331,-0.00153233371134374,0.107826626982323
848,338,332,0.00129503464046891,0.0136668593412798
848,344,332,-1.04130322385648e-07,0.00295063637077925
848,387,332,-1.04509081859861,0.608676379597622
848,381,333,0.00522330594985542,0.0385946628600154
848,463,333,-0.000152995960355803,0.030713073742988
848,244,334,2.5558782124882e-05,0.0817585166047303
848,275,334,0.00252833851969339,0.00999314058429406
848,421,334,2.25658724106434e-05,0.0284854592055946
848,428,334,0.192914397054261,0.569756058033155
848,189,335,-6.32558483676778e-06,0.0447962957793619
848,247,335,5.07284533136463e-06,0.00639086971537794
848,322,335,0.00199459282860083,0.181475778751537
848,363,335,-0.00155965356472025,0.127389403581766
848,248,336,0.0130795536413964,0.0691945851612599
848,380,336,0.0243636344425909,0.0737804320784863
848,509,336,-0.000293564262341849,0.126055931575813
848,122,337,-0.0314852706738958,0.134162939052773
848,190,337,0.00159141227098712,0.230691110694507
848,255,337,-0.00768702315007637,0.213701251324662
848,332,338,-3.30902009995017e-05,0.0167910055458555
848,362,338,7.13466963814203e-05,0.0323470222267616
848,373,339,-0.00429355359963547,0.15288590981045
848,458,339,0.000292226584619093,0.111974145490667
848,218,340,0.00394483706405588,0.0422546410648642
848,366,340,-0.000607603332074728,0.0598359939987208
848,311,341,-0.00131052752647042,0.0429562966053523
848,354,341,-0.00612426884504307,0.113764184364988
848,373,341,0.00802750151164994,0.121877373377914
848,399,341,-1.10792384383634e-05,0.081546907165439
848,210,342,-0.0247509512362341,0.11873454599588
848,272,342,6.39361321745e-05,0.0124065478398039
848,314,342,-0.000402677983975894,0.179931215577519
848,289,343,1.79706189597396e-07,0.0199412893511598
848,326,343,-0.000322340122375189,0.0531718769285031
848,439,343,1.0962245329179e-05,0.00325078431788986
848,253,344,3.42271671991071e-05,0.0387647909142117
848,270,344,-0.00615113053195671,0.0161366018239344
848,332,344,-6.68942194641039e-05,0.033756627481399
848,262,345,0.0146618029719657,0.177283418876589
848,309,345,0.000523460148710419,0.0596755771145589
848,358,345,-0.00579671568864054,0.175693985183129
848,369,346,-0.000401390249733615,0.0736062362966764
848,390,346,-0.0124629400991532,0.0262843384445756
848,410,346,0.000834361983541703,0.0365607631970957
848,14,347,-0.000579461494836697,0.0853432844303145
848,243,348,-8.46198336272142e-06,0.0481437983500666
848,409,348,8.21683828948795e-05,0.0626218707174326
848,418,348,0.00681829064774152,0.095531210201846
848,318,349,0.0223824905392278,0.179226428327954
848,397,349,-0.000822664039392847,0.190868621827421
848,465,349,-0.00431130379807982,0.0211673442042824
848,369,350,0.000550688595807968,0.0779698374086848
848,411,350,-0.00116096745453105,0.0363644361644344
848,485,350,0.000195260388119758,0.0784979268009531
848,525,350,-0.000573517489678277,0.0095842041322835
848,392,351,0.0176251085722512,0.185338676196527
848,436,351,-0.00784349822957316,0.202383396405242
848,446,352,0.000365265549926461,0.00215410043098636
848,471,352,0.000720123107083559,0.0404467077132578
848,361,353,7.77045439645217e-05,0.04435916810244
848,472,353,5.04061858733839e-05,0.0201756606333625
848,232,354,0.000210498237760165,0.0649349460152777
848,341,354,-0.00195414173123905,0.134774024419738
848,360,354,0.0110595347895022,0.136284616193076
848,161,355,-0.000308779557946314,0.0751177810094832
848,225,355,0.00511982604436183,0.0233085803067409
848,284,355,0.000308268670199318,0.0834473667937466
848,390,355,-0.0125659184477796,0.0835927400944912
848,240,356,-1.24037577815426e-08,0.00980149119585568
848,247,356,1.27902436377587e-05,0.0185892917490228
848,296,356,1.21419581907604e-06,0.00992145381612499
848,297,356,-0.000425573263586631,0.070343694783552
848,216,357,0.000211844088807919,0.0492931483467939
848,310,357,-0.00441786461517129,0.0305951259940932
848,271,358,0.0103130614623896,0.113644036722168
848,345,358,0.0106136494341943,0.110012491205062
848,370,358,-0.00360604684078021,0.0869664355906394
848,317,359,-3.95975670678286e-05,0.0300533985403141
848,330,359,-0.000410786461564843,0.0255639039495241
848,450,359,-7.15404616312752e-05,0.0284449584505581
848,278,360,0.00462567243320682,0.137011039195349
848,307,360,0.00792342186385417,0.0713527331259658
848,354,360,0.011424413511702,0.150609219979487
848,307,361,-0.00792342186385417,0.0713527331259658
848,353,361,0.00814007276988748,0.0251495659242983
848,383,361,-0.000576364802472003,0.0271436138610459
848,204,362,0.00458499691234897,0.12138858230297
848,268,362,0.00165974667025317,0.115545241708785
848,338,362,-0.00129503464046891,0.0136668593412798
848,230,363,-0.000456198046080038,0.0643108722744136
848,247,363,-6.34166912452455e-06,0.0270662434240568
848,297,363,0.000119537767479692,0.0741532046904791
848,313,363,-0.000228196252913898,0.107670115558978
848,335,363,-0.00170330504700574,0.152850322687116
848,445,364,-0.00176182107062705,0.128167695393985
848,460,364,0.0074584703532173,0.107069257809301
848,493,365,0.000208013820706802,0.108163226157017
848,495,365,8.94519263055436e-07,0.0215294092785601
848,503,365,0.000373572937785288,0.0703445554895315
848,331,366,-0.000366682010911778,0.0855811978882987
848,340,366,-0.002731241648838,0.0600862412074155
848,408,366,-0.00138522841231363,0.103090284539632
848,263,367,4.90710896793008e-05,0.00735694942144306
848,208,368,9.46680511409116e-05,0.0494374852403536
848,241,368,-0.00278618062854724,0.141197688438332
848,273,368,0.000787773711104984,0.0240317238602174
848,408,368,-0.00048263893341711,0.222818013576146
848,346,369,-0.000219449101002964,0.0707558535518045
848,350,369,0.00138307051559836,0.0849869542785345
848,494,369,0.000677412681024684,0.099640490737027
848,267,370,-0.00122597012605431,0.101332755567658
848,358,370,0.00271771942158166,0.0939194567405097
848,265,371,-0.0101665612716831,0.0620311462962617
848,389,371,-0.000112356189781296,0.200292925058599
848,397,371,0.000698580343356407,0.164209104821238
848,429,372,0.0024839871355179,0.069695281307904
848,436,372,0.018405430762544,0.0979319239469984
848,455,372,-0.0058756254604865,0.159288473678651
848,339,373,0.00587659979559494,0.0781927671791961
848,341,373,0.00257943959530641,0.0895793941906053
848,401,373,-0.000781901215023318,0.0566608261817059
848,259,374,0.0273792299815226,0.423846990812077
848,460,374,0.00401983274790436,0.141736146200172
848,481,374,0.00085529132455005,0.0969865779558615
848,137,375,0.00786695795638189,0.110782890558687
848,174,375,0.000561291898073047,0.00954050707036474
848,275,375,-0.000640863535965946,0.17450372280799
848,305,375,-1.48840811478847e-05,0.0325574308874542
848,379,376,-1.22193322157645e-05,0.0223855626387074
848,387,376,0,0.735054189259179
848,420,378,-9.66663585259469e-05,0.0151486427028532
848,475,378,-0.00097427628877958,0.0243079411864596
848,492,378,-0.000128825534504713,0.0880740544702213
848,498,378,-0.000426060277863921,0.0275992138214809
848,500,378,0.000570957591845352,0.0290764300178013
848,376,379,-0.00572283009055116,-0.0102414144759679
848,398,379,0.00124880756863545,0.0545523008682257
848,336,380,-0.000958238456722074,0.0631993070775812
848,392,380,0.0193256436773248,0.0402481449451193
848,333,381,0.00836789573627401,0.0441887816718336
848,402,381,-8.59847947474071e-06,0.0269218802916413
848,256,382,0.0139714608288117,0.0616561303617151
848,267,382,0.000608802407007283,0.14564886255412
848,461,382,0.00195888447199585,0.227313666314248
848,266,383,-0.00698421080428813,0.0874441810675483
848,361,383,-3.56771399138849e-05,0.0305002119344402
848,404,383,0.00326694022421835,0.103402906796814
848,398,384,0.000415018215061861,0.0407379279110093
848,415,384,-0.000342148651248032,0.0137993483795966
848,184,385,-0.00607782416840894,0.0599921892235571
848,279,385,0.0170383892623739,0.110416525526805
848,403,385,0.0344311909988553,0.189086782548934
848,438,385,-0.0165583385402907,0.0461955675319347
848,448,385,-0.0110759552357118,0.0759619709350496
848,180,386,4.63034666357441e-06,0.0257872470932108
848,296,386,1.72048291905435e-06,0.0130137842708003
848,422,386,-0.0433185434382784,0.176264245255818
848,252,387,0.00310507517338543,0.233483061805189
848,257,387,-0.000555775283890364,0.0372062066500805
848,270,387,0.0019227859261898,0.264556316306738
848,332,387,3.61806051458831e-05,0.0519388821281916
848,376,387,0.00572283009055116,-0.0102414144759679
848,401,387,0.000980723350035352,0.0914363891414884
848,184,388,-0.00672234280260824,0.201418451611678
848,465,388,0.00113569000096097,0.166087618722194
848,511,388,-0.000684269940583767,0.0352396986453333
848,249,389,0.000853316891510401,0.122362452178693
848,318,389,0.0170481803131548,0.0237609020850341
848,371,389,-0.000243352718881743,0.227815642988359
848,224,390,0.00714514050458964,0.231357298549903
848,249,390,-0.000933420536914836,0.135558695225495
848,318,390,-0.00378046110285271,0.185401410097645
848,346,390,-0.000218632624689992,0.0254858276928641
848,355,390,0.000657130365181329,0.0300909727648114
848,421,391,6.91606734227735e-06,0.0466385651680467
848,422,391,-0.0257296636057496,0.38837521685324
848,426,391,0.00497328786772867,0.167015558166153
848,470,391,-0.000328385176785807,0.0836149066969076
848,259,392,-0.0242488807470182,0.296539446465418
848,351,392,0.030589826645733,0.142984840001462
848,380,392,-0.0243636344425909,0.0737804320784863
848,461,392,0.00361433503186717,0.124502358636516
848,308,394,-3.79593509244983e-05,0.0159103612582027
848,442,394,1.15734003878584e-06,0.0203685186642118
848,283,395,-0.000414329687511863,0.0697121856303511
848,315,395,-1.19962153056384e-05,0.0206253292319124
848,435,395,2.22480044797687e-05,0.050394628429098
848,488,395,4.08199826331339e-05,0.036403509882404
848,431,396,-0.0141399491382429,0.120410027811238
848,451,396,1.3434315081926e-06,0.0420288218894493
848,489,396,6.96576297741289e-05,0.0393924012565292
848,262,397,-0.0149979709544577,0.125311888623199
848,279,397,-0.0170383892623739,0.110416525526805
848,349,397,-0.00437750006863963,0.173836746731067
848,371,397,-0.00118003923354927,0.162748775953339
848,270,398,-0.00767715536860399,0.242600792443991
848,379,398,1.0887487315152e-06,0.0180341998972031
848,384,398,-5.56605867970991e-07,0.0281083581495283
848,341,399,0.00119323449720558,0.0458536679016705
848,402,399,-1.88369755946467e-05,0.0294977385384179
848,442,399,-3.31460644401265e-06,0.0148378993836884
848,426,400,0.00370367092461039,0.091843780464074
848,435,400,-1.98016598761152e-05,0.03257941601257
848,468,400,0.00494372640709926,0.101314642351053
848,260,401,-0.00107335980066618,0.122391187892416
848,373,401,-0.00498210906390251,0.075259880111126
848,387,401,0,0.884316098616555
848,381,402,-0.00522330594985542,0.0385946628600154
848,399,402,7.40705714725365e-05,0.0450644888049213
848,406,402,-2.84816687084773e-06,0.0159883377819138
848,385,403,0.000441879354682351,0.16056756731665
848,412,403,-0.00031380072775419,0.164450727422966
848,238,404,0.00206741732619869,0.0827618489090643
848,383,404,-0.000203934680307906,0.130798944703223
848,433,404,-0.00186812664904581,0.149739759089677
848,472,404,3.97697632183549e-06,0.0674640599334958
848,153,405,-2.73460806603176e-06,-0.0116135521996991
848,245,405,0.00030464065283782,0.0800377041561912
848,282,405,3.81050563025724e-05,0.0563218702125981
848,407,405,0.000149426702032581,0.0921662782529458
848,439,405,-8.71192967760388e-05,0.0755622354520521
848,206,406,0.00363101087037576,0.0121459669269413
848,292,406,1.38516422182201e-07,0.0141090831514416
848,402,406,-2.24607474769731e-05,0.0191225124264611
848,447,406,-2.84351595995905e-05,0.0394999683449243
848,263,407,0.000245624624859066,0.067991405240068
848,405,407,1.03839490240976e-05,0.0808408381809717
848,440,407,-2.65195170703182e-06,0.0329864283655107
848,256,408,-0.0139714608288117,0.0616561303617151
848,273,408,0.00109939377581753,0.0932508486242139
848,295,408,-0.0273397375005591,0.181456388428063
848,366,408,0.000741428393076564,0.145514887787853
848,368,408,0.00559474724656572,0.217958905549201
848,193,409,-0.000475443504670885,0.0919378116997515
848,244,409,-0.000804501776165068,0.0506549753964582
848,283,409,0.000238007050425101,0.10474977058455
848,348,409,1.71569881517852e-05,0.0599582883422021
848,318,410,0.0163758327436034,0.0760857347541466
848,346,410,0.000176437944536813,0.0450522510833549
848,464,410,-0.000544091146634008,0.0291201052364315
848,465,410,-0.00477373849369883,0.10193843655883
848,494,410,-0.00019442486798018,0.0718643479826201
848,350,411,0.000669721788126755,0.0119976772150458
848,494,411,-0.000318392552722303,0.182363702037647
848,525,411,0.00167292386138985,0.180300929560329
848,271,412,-0.0103130614623896,0.113644036722168
848,312,412,-0.00570136943864143,0.201453944098559
848,403,412,-0.0344311909988553,0.189086782548934
848,416,412,0.0296786268515167,0.0663004811218621
848,283,413,-0.000331797865526138,0.000950693233769318
848,457,414,0.0111731811975349,0.00640746766715205
848,512,414,-0.00685536546298337,0.0655112207385845
848,518,414,-0.000131788685408198,0.0638826377571514
848,253,415,-7.3430974619142e-05,0.0402584668142735
848,384,415,-3.64325959638781e-06,0.0128654794391412
848,459,415,0.000543052011092198,0.0639315501434243
848,412,416,0.00286338162170746,0.0561267579412097
848,425,416,-0.0123889769208346,0.166625541588315
848,446,416,0.00617868349959395,0.162835127285535
848,465,417,-0.00433028872287,0.106519471707072
848,511,417,0.000911643705910155,0.137059104723188
848,532,417,0.00828392498391789,0.198506801889442
848,348,418,0.000121010149404102,0.0755125026952833
848,477,418,-0.0041219068686078,0.0567920734668246
848,224,419,-0.0219548537711023,0.146079844784835
848,261,419,0.00174385333914886,0.0462600630962264
848,480,419,0.00293282690525138,0.159710340300869
848,378,420,3.00461446598908e-06,0.0347185020193551
848,475,420,0.000581281370208179,0.0315907474988924
848,477,420,-0.000509669755509272,0.204118777232905
848,500,420,-6.19195700475289e-05,0.0909868754305153
848,334,421,0.000897380240681211,0.036592662693427
848,391,421,0.000563371141290603,0.0438024714140909
848,422,421,-0.0403796909952346,0.275575876448106
848,428,421,0,0.271558951445128
848,180,422,2.85792423688907e-06,0.0223842802377751
848,386,422,-0.0792722868359596,0.369320659817141
848,391,422,0.000369340205626824,0.109830702821201
848,421,422,1.19857036528241e-05,0.0323186651818962
848,428,422,0,0.0800147604281938
848,463,423,4.32614287480781e-05,0.0760501220027477
848,534,423,0.000142346833412227,0.0432556602428937
848,416,425,-0.00425080431658804,0.169152126883614
848,434,425,7.38771206707907e-05,0.0888760947459344
848,438,425,0.00520727616796332,0.258633705269308
848,471,425,0.00201414923081794,0.136729900055928
848,391,426,0.000832552102488393,0.0507422324580394
848,400,426,1.60506023153797e-07,0.0130742100896164
848,470,426,-0.000802426305026,0.0942686985663397
848,503,427,-0.000545931038720961,0.0397306990369118
848,180,428,1.71289621128382e-06,0.0261301477202493
848,275,428,0.00272101298114342,0.188551994292958
848,313,428,0.000193683064720731,0.107043702765979
848,334,428,0.000387996077647304,0.0504861230974025
848,421,428,2.11289073963661e-05,0.00615616136066472
848,422,428,-0.0310702677295794,0.22904710864558
848,372,429,-0.00012714898959402,0.0812576303365356
848,436,429,0.0231372437775668,0.122559358690893
848,446,429,-0.0057327371888508,0.180769067239861
848,449,429,0.0395867348727758,0.0940246716436583
848,330,430,0.000177608981899564,0.0919187810400641
848,452,430,0.0134012371621968,0.0554901122687548
848,480,430,-9.37750177215082e-05,0.112937087673833
848,396,431,0.016887245677944,0.169279628540826
848,432,431,-0.00156703412399468,0.148598377050453
848,489,431,-5.04335337610199e-05,0.0151470763995863
848,431,432,0.00718457675540031,0.187103249400932
848,449,432,-0.0395867348727758,0.0940246716436583
848,455,432,-0.00509363736798172,0.128443912359007
848,466,432,0.0028975440490652,0.0231831199914268
848,404,433,-0.00130230750221112,0.0992809482051398
848,477,433,-0.00211342190932965,0.196700414020515
848,524,433,0.000133984491158088,0.0712421596851132
848,425,434,-0.000702583781345097,0.0522724033876274
848,469,434,-7.7799751524222e-08,0.0182320955960334
848,520,434,0.000232923299194037,0.0474330198698362
848,395,435,1.61919325646951e-05,0.0255634728468894
848,400,435,4.11925772070486e-07,0.0142643163291522
848,470,435,-0.000458639141621629,0.0169786950042276
848,312,436,0.00192586324150939,0.196116296539817
848,351,436,-0.030589826645733,0.142984840001462
848,372,436,0.00160519836600233,0.111111232281163
848,429,436,0.00217202901084724,0.0502927520014932
848,447,437,-9.45165234389273e-06,0.0445878822038312
848,491,437,0.0012964193555305,0.0549257629168205
848,497,437,0.0162068206387017,0.00713167888750916
848,250,438,2.73237514925623e-06,0.0143757353755549
848,385,438,-0.00160353202401398,0.0515789828845881
848,425,438,0.00710140754458373,0.215905839170173
848,448,438,-0.000694834511563721,0.225731889851603
848,116,439,-0.00242966360320393,0.0210984051389293
848,245,439,0.000142533851838045,0.0687307556110714
848,299,439,-6.95968178472177e-05,0.128528175348726
848,343,439,0.000430718879457302,0.0308569931840641
848,405,439,-0.000150786849804259,0.0638602666982692
848,407,440,0.000249115450164084,0.0976645435038909
848,506,440,-0,0.0115163945569231
848,206,442,-0.00363101087037576,0.0121459669269413
848,394,442,2.45433370101963e-06,0.0359948924788943
848,399,442,0.000239700923421529,0.0428505769806075
848,466,443,0.00451008287153199,0.0975890182552687
848,484,443,-11.0007283118792,-16.15323784828
848,268,445,-0.00231494541721804,0.139070480197613
848,364,445,0.031058579380444,0.122232005429557
848,459,445,0.000399985260934347,0.0553504704559456
848,312,446,-0.00381326152792954,0.0171825799921015
848,352,446,0.00197323760122839,0.019609078826721
848,416,446,0.0346469195305992,0.1975009980791
848,429,446,-0.00136199837992755,0.168121452241407
848,292,447,1.93018582115214e-07,0.00935718498443016
848,406,447,8.91939682200881e-06,0.0295289625015948
848,437,447,3.14422825416289e-05,0.0227739224345651
848,497,447,-0.0162068206387017,0.00713167888750916
848,184,448,-0.00201494430220667,0.13118613900299
848,250,448,7.1501790738041e-06,0.00661601296250307
848,385,448,-0.00131701525554201,0.0229400699809183
848,438,448,-0.0232369425367571,0.170777310857189
848,462,448,-0.00385314619023959,0.159829575343622
848,429,449,0.00246310845474062,0.0735583377833916
848,432,449,-0.00292666857536025,0.0732466682024043
848,330,450,1.76848582140197e-05,0.138658130769702
848,359,450,1.81988168502607e-07,0.00905110416042762
848,457,450,-0.0111731811975349,0.00640746766715205
848,512,450,-0.00842335373913157,0.128212334473851
848,396,451,0.0118353277089004,0.0332491293809647
848,466,451,-0.00268364474004013,0.115241517713892
848,168,452,-0.00532064042877523,0.0328561971934887
848,323,452,0.00215142305999047,0.1365203452545
848,430,452,-0.000645196144480061,0.0692590345090041
848,469,453,-9.46668125732153e-07,0.00268443920319971
848,523,453,0.00316288205315601,0.0367667304890719
848,248,455,-0.0130795536413964,0.0691945851612599
848,372,455,-0.000418925301215667,0.202857373983906
848,432,455,-0.000159300171133778,0.160804306553407
848,484,455,11.0007283118792,-16.15323784828
848,471,456,-0.000913389343198466,0.145800928152652
848,489,456,-0.000125550363700335,0.0705577873994167
848,414,457,-9.4816866406133e-05,0.00817399941759503
848,450,457,-8.22589628381714e-05,0.0105753785572086
848,308,458,9.00974142645839e-05,0.027983795424835
848,339,458,-0.00587659979559494,0.0781927671791961
848,415,459,2.0427250141928e-05,0.0595912339812747
848,445,459,-0.00220445311344989,0.0918896972431286
848,218,460,-0.00394483706405588,0.0422546410648642
848,364,460,-0.031058579380444,0.122232005429557
848,374,460,-0.0222993411652823,0.236189451970703
848,254,461,-0.0181164205872605,0.0768449441003032
848,382,461,-0.00091859012408012,0.17110744659044
848,392,461,0.0189540535799379,0.200766709691682
848,184,462,-0.00534848581681869,0.0672146263923332
848,448,462,-0.0186037831818592,0.113883533923146
848,503,462,-0.000778466091617813,0.0161297952386979
848,511,462,-0.0011863212782573,0.153962390136085
848,333,463,-0.00836789573627401,0.0441887816718336
848,423,463,0.0170975391924697,0.075079123481629
848,472,463,5.49981668249003e-05,0.0782932943607151
848,410,464,0.000707740877917636,0.0432891684613187
848,465,464,-0.00437856451924306,0.0735598691574813
848,494,464,0.000304443828191296,0.0514197084146647
848,532,464,0.00604672619871854,0.0401219483027743
848,349,465,0.00199073234107536,0.112745071563189
848,388,465,0.0416123266775647,0.203160046658695
848,410,465,0.00033183542542173,0.15971226837778
848,417,465,-0.00790585582718636,0.129728943358186
848,464,465,-0.00143319768089583,0.0998402223216929
848,432,466,-0.0020037765663921,0.0397536394269157
848,443,466,0.0316797223933447,0.0436550130630603
848,451,466,-2.5956130592356e-07,0.0691193279872821
848,486,467,-2.09831238383911e-06,0.0372378838174613
848,505,467,-0.00248541625167712,0.106380433863654
848,400,468,2.16583584896695e-07,0.00947933579587279
848,488,468,-1.62335885006265e-05,0.053127565030436
848,492,468,0.000437956907602818,0.0554969017490199
848,498,468,-0.00144029356631811,0.143747534486482
848,434,469,-0.000274097930965173,0.093361945298744
848,453,469,7.81564765855085e-05,0.0286836952745976
848,493,469,0.000118619545700194,0.0275150836273492
848,315,470,-2.20535976488447e-06,0.0466112801060001
848,391,470,0.000802268600445845,0.0317032124069685
848,426,470,-0.00019527261417326,0.132490767934297
848,435,470,-9.29051961407921e-06,0.0374317718891406
848,352,471,-0.00197323760122839,0.019609078826721
848,425,471,-0.000309322825644382,0.0971842243233591
848,456,471,0.00151433627060847,0.114655993353578
848,523,471,-0.00316288205315601,0.0367667304890719
848,353,472,-0.00814007276988748,0.0251495659242983
848,404,472,0.000234955516568295,0.0742143422699592
848,463,472,-0.000146145419565565,0.0574547008517685
848,524,472,0.000141470267720735,0.0606751772762614
848,485,473,7.61246394596375e-05,0.000174237068369204
848,478,474,7.72612054981206e-05,0.0268445596356079
848,528,474,-2.35728547305222e-05,0.0399439501085882
848,378,475,3.16432132921018e-06,0.024216709020729
848,420,475,-9.18384387991863e-05,0.0303317383374032
848,477,475,-0.0055165086952375,0.146794511240077
848,498,475,0.00092578452099786,0.134164935041851
848,480,476,-0.000227740106471862,0.0641566466978514
848,485,476,7.87200084067112e-05,0.0431086175999376
848,510,476,9.15237384118543e-06,0.0173648035033318
848,418,477,-0.00681829064774152,0.095531210201846
848,420,477,-7.4726671886782e-06,0.112941028979625
848,433,477,-0.000166101169114641,0.124619948954821
848,475,477,-0.000672134784876369,0.137927964580928
848,474,478,0.00274240566957222,0.00548790444455045
848,524,478,0.000352215954726235,0.031919206130732
848,534,478,0.000102879244393002,0.021674568909166
848,536,478,0.000255403812246356,0.0142896366307211
848,419,480,0.000482815649110446,0.173834300113086
848,430,480,-0.00468471477790233,0.0933190930662811
848,476,480,-3.40944305238166e-05,0.0432469872090894
848,504,480,-0.00421109339430662,0.148243778371669
848,374,481,0.016449651224053,0.0672821574506337
848,509,481,0.000434984897272309,0.0323535692952082
848,492,482,0.000321640959886099,0.0287178111498239
848,500,482,0.000507080445089516,0.0921820948852398
848,527,482,-0.00148942870243712,0.0998563682578146
848,443,484,-0.0316797223933447,0.0436550130630603
848,455,484,0.0046917942129818,0.202923621445283
848,350,485,-0.000657925586612522,0.108576086127101
848,473,485,-4.46980460595782e-06,-0.0147170064756034
848,476,485,-1.94651668790568e-05,0.0541488924605743
848,499,485,0.000510621589939576,0.0932937300027479
848,507,485,0.000658220820731431,0.0744826882542896
848,525,485,-0.000178645797499922,0.0647248444117473
848,467,486,-2.21017848598744e-06,0.0395401732537138
848,495,486,-1.68486889909514e-07,0.0194735980824948
848,532,486,-0.00269918107334196,0.146923983384888
848,508,487,0.000119043595582685,0.0669607192047049
848,522,487,-2.12569915264632e-06,0.0715364862034776
848,395,488,4.82620552503498e-05,0.0446661692893608
848,468,488,0.00343988742388282,0.0164471020074824
848,498,488,-0.000370999689965618,0.0414987848728878
848,396,489,0.0104988926614901,0.0369312511801661
848,431,489,-0.0085617441915014,0.0243591315304539
848,456,489,-0.00151433627060847,0.114655993353578
848,437,491,6.1125974218081e-05,0.0393257509181153
848,534,491,9.58221630505881e-05,0.1234364072976
848,378,492,7.83947406195845e-07,0.00629571142988846
848,468,492,0.0037649214300493,0.00882523054918444
848,482,492,0.00179006000216418,0.0502511550763624
848,498,492,-0.000702406885686296,0.0281502647981975
848,365,493,-1.1834232267034e-07,0.00897521672256382
848,469,493,-9.52425122063422e-07,0.0099628509993713
848,520,493,-0.000170755424476495,0.0380594245100704
848,369,494,0.000163183111131875,0.0173263079881015
848,410,494,-0.000763838436712601,0.0983630718257555
848,411,494,0.00226303029934976,0.171947630857503
848,464,494,0.00113046635492526,0.099059110557903
848,365,495,-2.17283225389769e-07,0.0094889205067754
848,486,495,-3.17748821866158e-06,0.0308972607295365
848,502,496,2.00004532222998e-06,0.0613359393212528
848,532,496,0.0066957108766781,0.0702451267177393
848,437,497,4.89784202060929e-05,0.0152045742593129
848,447,497,-2.34023992729373e-05,0.0315786990645888
848,378,498,-5.39110019648934e-06,0.0217860347577853
848,468,498,0.00115419265700912,0.151558106856102
848,475,498,-0.000906227980245897,0.140513384629637
848,488,498,0.000115721833258118,0.0870941165460041
848,492,498,0.000237860714067246,0.104221285078122
848,485,499,-0.000169508564289982,0.0979255438930091
848,507,499,0.0011528148896969,0.0825781538206151
848,510,499,4.9191628141754e-05,0.0531371004893543
848,514,499,-9.9749682605916e-07,0.0220580420830418
848,517,499,0.000443339901208054,0.0879546569915042
848,378,500,-1.09058320192935e-07,0.0251838215399137
848,420,500,-9.49805319923952e-05,0.0778497399766594
848,482,500,2.03720935427487e-05,0.0990619006759176
848,528,500,-1.21323502587565e-05,0.0253240618574598
848,515,501,0.000180259871540119,0.00375933342406057
848,529,501,-0.000499064152122771,0.0491684756321587
848,530,501,-2.55117094755383e-05,0.023172814322886
848,536,501,0.000248693602790897,0.0189888391987219
848,496,502,0.0205798351142473,0.0675115451724849
848,507,502,0.00108259644936129,0.0117868780981119
848,525,502,-0.000608163710814963,0.0223367635257919
848,365,503,-1.26129864431711e-07,0.00596741153571068
848,427,503,-2.59497606847174e-05,-0.0214675275407746
848,462,503,-0.00249751449792888,0.0322544842470962
848,511,503,-0.000988950112044668,0.0622027957559547
848,480,504,-0.00258220049896596,0.151054933032123
848,510,504,-5.62907632947849e-05,0.0348678310957767
848,518,504,5.16425722462754e-05,0.122614079326999
848,467,505,-3.06081902661228e-08,0.0319206758613347
848,514,505,-6.85300572186899e-07,0.0265263909363241
848,282,506,-0.000122349958272059,0.0396441075914683
848,440,506,1.00776306342411e-07,0.029731292327792
848,485,507,7.71552091923168e-05,0.0141202286797957
848,499,507,0.000675341143333057,0.0567479754332027
848,502,507,7.53743609010631e-07,0.0338637643661233
848,525,507,-0.00264383462890698,0.116720922300905
848,487,508,-0.00517935963488143,0.270064580894117
848,512,508,-0.00663762075904849,0.0558230979936896
848,522,508,-1.59554727558638e-06,0.0374686648765925
848,533,508,0.000222119489043326,0.0920710275144431
848,336,509,-0.000266779123321654,0.085380456838185
848,481,509,-0.00171103609974728,0.00609292016294106
848,476,510,-5.57244805816517e-05,0.0176937940541903
848,499,510,0.000604690460807574,0.0114216651057803
848,504,510,-0.00486651709307654,0.0625820809518049
848,388,511,0.0160707993820192,0.00365816522031563
848,417,511,-0.000250684754773678,0.0847343772917455
848,462,511,0.00117370746378361,0.169192256626741
848,503,511,-0.00155796322521466,0.0616067227600813
848,414,512,-0.000260451294605832,0.0690713330416478
848,450,512,0.00105878404810561,0.171134514118841
848,508,512,-0.000104136872911316,0.0861509961675549
848,516,513,-0.000412898993015966,0.035435484165484
848,522,513,-1.18188051321983e-06,0.0623319255964709
848,499,514,-0.000101280447560694,0.103846560080377
848,505,514,-0.00229089577709122,0.0228480483696388
848,516,514,0.000631941481922597,0.107272818258759
848,501,515,6.53075528956363e-07,0.00716439993319491
848,526,515,-0.000386573391797596,0.125833280675316
848,530,515,-5.74286120851179e-05,0.131754534934155
848,536,515,-0.000737813003251025,0.137517448804549
848,513,516,0.0181796789008712,0.0395132685419645
848,514,516,-8.08811703467301e-07,0.0149782379627165
848,517,516,-0.000374831597485908,0.0781715843511066
848,499,517,0.000728340191121167,0.0694883500597391
848,516,517,-8.51445950695947e-05,0.054655352908531
848,518,517,-0.000144766842693969,0.0696929653191209
848,414,518,0.00016201739152082,0.0790897479166531
848,504,518,0.00154000063646436,0.154468738351696
848,517,518,-0.000220780826458352,0.0546047026927809
848,533,518,1.44943422045627e-05,0.110434358112925
848,529,519,-0.000281578686577049,0.0718077872750296
848,531,519,1.80033430457858e-07,0.0067998735572543
848,250,520,4.9977008212974e-06,0.0118237631273682
848,434,520,-0.000246351490353074,0.00342666908323504
848,493,520,4.13623956906127e-05,0.0454547421281473
848,529,521,-0.000389405438870472,0.00477829715188724
848,487,522,0.013445127615445,0.0972769469669084
848,508,522,0.000130835534320262,0.0403862029083225
848,513,522,-0.0181796789008712,0.0395132685419645
848,533,522,0.000194068698014093,0.0268221975854885
848,453,523,0.000550571918296302,0.100032058310584
848,471,523,0.000339726312972343,0.0778998329568982
848,433,524,-0.00406477525773494,0.0507706417061757
848,472,524,8.61884758448617e-05,0.0679311445238985
848,478,524,0.000158686062500126,0.0422362420533743
848,350,525,0.000677165199654856,0.0244203421802068
848,411,525,-0.00315478744944514,0.122051904587505
848,485,525,0.000121697850222794,0.0367605139073083
848,502,525,6.63705129842009e-06,0.0269781907564194
848,507,525,0.000325902955012043,0.079679200748269
848,515,526,0.000143229887560264,0.18771221962091
848,527,526,0.00270608220833815,0.165119207522681
848,528,526,3.34695614844738e-06,0.0450552258473104
848,531,526,1.28594103563369e-07,0.0125021983213948
848,482,527,0.00117600238505264,0.0624958839637497
848,526,527,0.000578700726072949,0.120119706443066
848,528,527,-1.86992006588686e-05,0.0279379453044751
848,474,528,-0.00274240566957222,0.00548790444455045
848,500,528,0.000530923915395884,0.0365177221244588
848,526,528,6.65676261936326e-05,0.0727198452790148
848,527,528,0.000356573863438735,0.0180625081631195
848,501,529,3.19127955542861e-07,0.0159714947167135
848,519,529,6.40521405780738e-07,0.0173256103097339
848,521,529,0.0295542746025458,0.0291152605089118
848,530,529,2.78531479568798e-05,0.148751334312713
848,501,530,6.24645350576221e-07,0.00600914489033143
848,515,530,0.000114662610678557,0.0994317320814256
848,529,530,-0.000287415118145032,0.0832377818445324
848,531,530,2.85878096790973e-07,0.00944203531247252
848,519,531,-5.5302435479905e-05,0.0042500230198126
848,526,531,0.000135157246757298,0.0186920432938696
848,530,531,-7.89342535273502e-06,0.0599609439039453
848,417,532,0.00400621439941926,0.188306496245837
848,464,532,0,0.000169391800725113
848,486,532,-1.50327307224143e-06,0.0510701125177927
848,496,532,-0.0205798351142473,0.0675115451724849
848,508,533,9.39900963283189e-05,0.0227906453490799
848,518,533,-0.000180075222981533,0.0553000464807968
848,522,533,-1.58226280294379e-06,0.0331196334756739
848,423,534,-0.0170975391924697,0.075079123481629
848,478,534,7.82253002399992e-05,0.0319427138426791
848,491,534,0.00831238613211138,0.101723537075733
848,536,534,0.000979717208925741,0.0985157917286996
848,478,536,-2.00675799226879e-05,0.0470005809299085
848,501,536,6.78499616472968e-07,0.0158322215787402
848,515,536,7.80984222793644e-05,0.102906774675802
848,534,536,-0.000239218438951248,0.072119062304422
848,125,-1,-0.00161985588254947,0.00525263690452546
848,158,-1,4.84890848562702e-06,0.0286178593606777
848,164,-1,-3.58301247230301e-08,0.0199018732216805
848,186,-1,2.75409449812339e-07,0.013105364809595
848,187,-1,-0.0207910251203875,0.0705429427178802
848,202,-1,-2.55587361086589e-06,0.0282657730322198
848,211,-1,-0.000308681836957203,0.122852590494132
848,212,-1,-1.03285849099961e-07,0.0508472617348216
848,237,-1,-1.880624882208e-07,0.0460392794671976
848,240,-1,1.59913119982145e-07,0.00482687626894712
848,245,-1,-4.34676870742241e-05,0.0685166517714262
848,274,-1,7.93905654887943e-06,-0.041776815605585
848,282,-1,-2.91504374759282e-05,0.0178795945291952
848,289,-1,-2.64839053527034e-07,0.00919161032948494
848,292,-1,1.95437480945536e-07,0.00640161007059448
848,296,-1,1.19465666837348e-06,0.00721887089041163
848,298,-1,-0.0485884903298245,0.181046196789169
848,310,-1,0.00170013238402102,0.255557391656454
848,324,-1,-1.39780818035528e-06,0.120689161386197
848,328,-1,3.04849337101182e-06,0.00886795178739659
848,347,-1,-0.0267859810478193,0.0949812143652761
848,357,-1,-1.39341202647938e-06,0.0309999690208469
848,359,-1,3.03013351332025e-07,0.0169785284511531
848,365,-1,-2.30877929219632e-07,0.0128459715947912
848,367,-1,-0.00262734009589119,0.0121801632172662
848,379,-1,-4.8983681782509e-06,0.0032278581301702
848,384,-1,4.80537858399633e-07,0.0137432188142753
848,386,-1,-0.0571423385166781,0.342230209721038
848,394,-1,5.77775164125221e-06,0.0567314206891641
848,396,-1,-0.00282487316040158,0.16657266532803
848,398,-1,-0.00248034289562115,0.298950064203181
848,400,-1,3.94507498173561e-07,0.0109438167601557
848,426,-1,0.00152877393561973,0.101809084678268
848,437,-1,-3.47510624529768e-06,0.0554544615077715
848,440,-1,-2.55119366443833e-06,0.0543838049858124
848,447,-1,-2.41768228299195e-05,0.0235744769465755
848,451,-1,1.08386263041728e-06,0.0408069732029011
848,453,-1,-0.000491736103236058,0.0886882504235298
848,458,-1,0.000399096780324401,0.1950971845531
848,459,-1,-0.000235210389533231,0.115109171437147
848,460,-1,0.00365113795949458,0.263950927247388
848,467,-1,-2.24078851423075e-06,0.00863502056189487
848,468,-1,0.0014579915390423,0.125082847115748
848,469,-1,-9.88447638967226e-07,0.0168867432654878
848,481,-1,-0.00242672070629981,0.0921007416672251
848,482,-1,0.00166033198555214,0.145828485471304
848,483,-1,3.52903240585831e-06,0.026397571625619
848,486,-1,-3.38953513156937e-06,0.0280670289305279
848,487,-1,0.0135632556334056,0.246238168455549
848,490,-1,0.000795132619625964,0.317731645202919
848,491,-1,-0.00526588583145448,0.118773536839391
848,492,-1,0.000381528068601,0.112904773709519
848,493,-1,-4.63237664058545e-05,0.0891765631171966
848,495,-1,7.26032275829542e-07,0.0037683780666033
848,505,-1,0.00028920440117066,0.129255314521141
848,506,-1,-0,0.0134664873970068
848,509,-1,0.000517954663729548,0.107407410058373
848,512,-1,0.00407675656160349,0.184954218835385
848,514,-1,-1.24580831999943e-06,0.0337039211561359
848,516,-1,-0.000434537908979878,0.151087176861688
848,519,-1,-5.4657349673081e-05,0.0129673162474068
848,521,-1,-0.0295542746025458,0.0291152605089118
848,522,-1,-2.16179841578173e-06,0.075816362468806
848,527,-1,-0.000648516433357372,0.117659252666342
848,529,-1,-6.60648300962564e-05,0.0974095080010968
848,531,-1,2.97252706890932e-07,0.00819839921703611
