848,1,3656.66618171859,2537.39941292906,79,0
848,2,2487.5586524012,3496.22986958409,78,0
848,3,3435.00123867861,2848.37777893533,80,0
848,4,2614.37537769469,2407.69314862301,78,0
848,5,3840.28362271523,3540.28130591306,78,0
848,6,2872.08585895667,3617.52622786066,80,0
848,7,3888.71144525834,3207.18053637795,80,0
848,8,2071.44932970183,2628.49577516911,79,0
848,9,3535.80253116062,3200.80065367271,115,0
848,10,2167.19902541949,2769.85669837561,81,0
848,11,3743.23577455294,3126.21107815499,79,0
848,12,2604.54646897268,3617.94975195539,78,0
848,13,3638.35612745639,3914.40869548369,79,0
848,14,3873.31270001314,3706.27824316775,78,0
848,15,2322.46175015411,3420.34248970432,79,0
848,16,3117.00571883744,3333.55481640502,114,0
848,17,3636.06821969147,2335.02185241085,110,0
848,18,3837.55024707085,2219.0590817652,114,0
848,19,3005.27829131149,3502.26713243283,80,0
848,20,3408.42319287831,3557.76289741747,79,0
848,21,2870.77105736834,2716.00013256918,81,0
848,22,3715.20205457836,3290.78229930366,79,0
848,23,3283.90297482441,2715.9253145896,115,0
848,24,3846.22376832086,2460.65861757694,115,0
848,25,2745.42143040547,3509.97487688894,80,0
848,26,3855.77090861229,1783.09144062441,78,0
848,27,3856.104634713,3377.50661904014,80,0
848,28,3425.49920101635,3018.58270053252,79,0
848,29,3157.08868895431,2253.70922669463,115,0
848,30,3528.01723892935,4199.16620065726,78,0
848,31,3667.6280873064,2087.59122572854,79,0
848,32,2662.15704264909,2967.49264290968,78,0
848,33,3350.76131867174,3365.06635867288,114,0
848,34,3319.22872813318,3729.31645098111,80,0
848,35,1924.72363302992,3365.5962655396,78,0
848,36,1940.22165682314,4009.16932266978,79,0
848,37,3209.45748335679,3562.71164344487,114,0
848,38,1805.2125221449,3889.88927751488,79,0
848,39,2857.78094787128,2921.29275907961,115,0
848,40,2669.49583787845,2762.36166323357,114,0
848,41,3522.53701479954,3724.78167754817,113,0
848,42,3263.05514339373,3907.61075499992,78,0
848,43,3158.42263092329,3779.55389917324,79,0
848,44,2875.73937508009,3347.87923205247,113,0
848,45,2431.82743486664,2723.87652370023,115,0
848,46,2971.90303723257,3132.79305353106,115,0
848,47,2494.40131128068,3792.92221465917,114,0
848,48,2211.02777473159,2071.87676180107,78,0
848,49,3855.02314649459,2945.42107273534,118,0
848,50,2984.19172116547,2359.62605301045,80,0
848,51,3336.32157105926,3163.39126029522,79,0
848,52,2542.24834390681,3086.91126456978,79,0
848,53,1850.34745630987,2892.07330220402,80,0
848,54,2865.87391272309,4032.56541032912,80,0
848,55,3838.6919504919,2707.45346485591,117,0
848,56,3425.37877249241,3898.50235266327,76,0
848,57,3228.16199108985,2484.94933273004,114,0
848,58,2714.38411951375,3967.00523379048,78,0
848,59,3519.48639809084,2158.74562655783,78,0
848,60,3603.67089724495,2736.05879734661,117,0
848,61,2737.90693393667,3768.73571101323,114,0
848,62,3517.39562011683,4032.615572641,78,0
848,63,3965.06774006256,4472.66665100992,77,1
848,64,1767.25935748936,3445.85969060033,78,0
848,65,3035.60379814385,3666.06141414757,78,0
848,66,2960.23183811993,3852.28124971917,114,0
848,67,3058.8946563692,2794.96755679274,117,0
848,68,3834.21681121755,1617.2090466017,78,0
848,69,2180.40376742972,4113.38784934407,79,0
848,70,3872.04695039793,4611.00374109782,77,0
848,71,3578.03747997727,3434.5366790119,109,0
848,72,2883.60531287598,1934.85020707246,114,0
848,73,3847.38722406508,3917.43443232257,112,0
848,74,3235.18168217598,2947.37888049238,115,0
848,75,2124.24554467238,3614.94655174472,79,0
848,76,3329.47962503829,4105.4746125636,113,0
848,77,2816.42543862356,2338.42557188306,79,0
848,78,3683.22607268448,3603.03849136307,79,0
848,79,2281.87100223527,3259.2127302369,80,0
848,80,1518.14189531525,2319.82143775077,79,0
848,81,3620.39840919805,2966.28376676939,112,0
848,82,3510.5236721844,1950.56145108857,113,0
848,83,3683.28113778273,1685.94017270744,79,0
848,84,2377.00430407576,3117.5336350036,78,0
848,85,2466.4732338596,2083.8962808095,114,0
848,86,3458.3355991543,2549.03926018219,113,0
848,87,2734.37224718097,3157.98558284471,114,0
848,88,2929.08311925103,4185.73595626583,79,0
848,89,3328.64338450126,2092.73036087624,112,0
848,90,1146.51553626704,3494.89688937688,78,0
848,91,3586.17668856081,4605.67301487952,76,0
848,92,2393.89584112588,2475.36799115627,114,0
848,93,1755.1855782508,1705.99987581572,80,0
848,94,2078.779808387,3216.77288090948,79,0
848,95,2114.73233783214,1931.02799217625,78,0
848,96,1766.02379921687,3278.59280743634,78,0
848,97,3816.93718702177,4341.96092356629,111,0
848,98,1607.55743967269,4309.39214834079,79,0
848,99,3106.84226841974,2007.4977671277,114,0
848,100,3894.9825994739,4160.49700958445,77,0
848,101,2523.12560358267,4030.59682119854,114,0
848,102,3716.62477480874,3767.63830066692,77,0
848,103,3171.53291237762,3138.15021580746,80,0
848,104,2501.00233457144,2283.37561482462,80,0
848,105,2704.61453884195,2095.92663443458,116,0
848,106,2101.99384664163,3965.34911887814,78,0
848,107,2933.05687660562,2163.60558499916,113,0
848,108,3003.67648341073,2560.51810501672,113,0
848,109,1390.66786955317,2832.62478814022,79,0
848,110,1939.31068753225,2254.85597040657,79,0
848,111,2253.13887639196,2623.71135737647,79,0
848,112,3704.69795054669,4109.07233560072,109,0
848,113,1950.95585169922,2050.73250806672,116,0
848,114,3071.91382260357,1771.0887454345,112,0
848,115,1733.09324094494,3699.6182182746,112,0
848,116,3569.31064462521,4769.28844568255,77,0
848,117,1301.17076377421,3580.29812329856,80,0
848,118,3397.25153105397,4303.80536450552,77,0
848,119,2673.19645360294,3356.87188765867,79,0
848,120,2107.0575715023,848.579133295113,75,0
848,121,973.985393876193,2078.0728543266,79,0
848,122,1735.33597725744,2536.33891894324,79,0
848,123,3262.2284448064,4401.14290110071,78,0
848,124,2103.50502296847,2200.13642498891,78,0
848,125,4045.96987820716,3075.5705626021,112,1
848,126,2329.82420404329,3622.88986975072,113,0
848,127,2306.23448700278,3936.16950682298,113,0
848,128,2718.17481618448,4170.64563105895,113,0
848,129,2770.9854734236,2536.80744748102,114,0
848,130,2479.9405435392,3291.18149332298,114,0
848,131,3586.1634656355,4392.99414320398,111,0
848,132,1578.62835792465,2914.90273493513,77,0
848,133,1147.71157918233,3089.19612582152,78,0
848,134,1439.0478567588,3007.84087574582,81,0
848,135,3394.92969596311,2319.68964827168,114,0
848,136,1988.20976032967,3799.86743210458,111,0
848,137,2075.98968216501,4243.46909734703,81,0
848,138,2119.34436234662,3411.25217262975,114,0
848,139,1912.49103263748,3194.64674064631,79,0
848,140,1229.89636514416,2791.4228263712,80,0
848,141,1040.0877569517,2233.79304056249,79,0
848,142,3687.84150809873,1853.84825626664,77,0
848,143,3840.19223121562,1985.50462586566,111,0
848,144,2316.43470315652,1898.74925090241,115,0
848,145,2885.4654998663,4381.00636274199,111,0
848,146,3650.64381112321,1487.01982201736,111,0
848,147,3215.00135902457,4649.71161567543,78,0
848,148,3113.1970514778,4269.11538804859,113,0
848,149,2299.44419112883,2254.13798886302,114,0
848,150,3293.23235831513,1859.77947964422,113,0
848,151,1161.71116855211,3317.95077982991,80,0
848,152,3479.13639715539,1714.65979068846,114,0
848,153,3709.49168730594,4853.19815561606,77,0
848,154,523.936728060811,1909.916496762,81,0
848,155,3255.50230812789,1627.38161126964,113,0
848,156,1872.56567941739,2686.36777505573,112,0
848,157,753.324906742958,2119.17578294753,78,0
848,158,4034.52618067618,2820.18059664817,102,1
848,159,872.661878686605,2235.94855471804,82,0
848,160,3325.06971408739,1383.04410372829,79,0
848,161,2704.59025785251,1492.01686791038,111,0
848,162,1946.59498583769,3030.14622267463,80,0
848,163,2501.99776566202,2914.31656534583,81,0
848,164,4027.9023683646,3564.8003248142,107,1
848,165,2464.9676557881,1449.91481933551,113,0
848,166,1706.11418539117,2804.18470290618,80,0
848,167,3425.87690229788,1519.02833211778,79,0
848,168,3693.86031796568,1098.36431353492,77,0
848,169,1920.5594556554,4179.70455492285,79,0
848,170,2189.11313347358,3768.09159608041,79,0
848,171,1748.83540482561,3069.12788020347,111,0
848,172,1203.489642159,2350.4801581917,113,0
848,173,3105.37702107439,4038.18772846296,114,0
848,174,2262.55109600122,4317.10050459946,112,0
848,175,1601.78536213242,2170.57333601566,77,0
848,176,2568.91383827233,2575.85837681878,80,0
848,177,1118.57423396167,2923.07881286229,80,0
848,178,3362.89728387124,1058.29752790811,78,0
848,179,2301.0598382738,2920.91585838578,112,0
848,180,2357.04924331996,5006.58979900197,77,0
848,181,1641.72527221405,1375.30274652181,115,0
848,182,1195.75311843763,2145.03912905131,80,0
848,183,3392.1261201512,4553.44495267891,111,0
848,184,1943.46049061666,743.830258568674,84,0
848,185,2011.90020144568,2834.05113064403,79,0
848,186,2879.73295650835,5178.89183213105,114,2
848,187,4024.96811921097,1866.22600209134,111,1
848,188,1826.50804081376,1037.8377495345,78,0
848,189,3053.76378506539,4698.0862435382,79,0
848,190,1377.812655242,2510.71697337788,112,0
848,191,2871.26253798079,4618.10190898626,113,0
848,192,1569.75904611513,3336.51622993139,113,0
848,193,1775.01413764084,4279.31258085591,78,0
848,194,1592.80444714859,3900.03718905634,113,0
848,195,1929.46190485527,3568.39408603304,111,0
848,196,465.294952398159,4096.77127781529,86,0
848,197,1278.80561144028,2960.55661940274,80,0
848,198,2518.11398308512,1887.04583104968,81,0
848,199,2846.30401418636,1699.53931064636,113,0
848,200,3733.23085507323,4525.16313892696,78,0
848,201,3489.207204443,1367.00369101752,77,0
848,202,4040.54461739616,2573.75346214022,111,1
848,203,2306.67436188905,1326.45050937858,78,0
848,204,785.511918701232,2378.75410122767,77,0
848,205,2372.6832220166,1669.37661682134,111,0
848,206,315.532300182122,3726.05988832863,85,0
848,207,1552.9475143988,3128.95843565467,81,0
848,208,1212.77297421568,1944.48103248218,118,0
848,209,1364.2364983098,3943.14255369496,113,0
848,210,1777.06566125099,1538.69854155825,78,0
848,211,4029.64005390216,4038.49245160105,95,1
848,212,4030.26759300625,2335.07499822641,116,1
848,213,1621.67859041211,3528.94740189329,75,0
848,214,3169.39644273446,1440.3474094124,77,0
848,215,1218.22070600201,1164.99178491543,114,0
848,216,3845.8381332409,1453.36047948787,77,0
848,217,1323.87615520368,3194.20941717304,117,0
848,218,428.05862018727,1677.40437819481,116,0
848,219,1020.79129031786,3227.73034456043,80,0
848,220,851.586852968965,1963.92765911568,80,0
848,221,979.006581537764,2427.16296738224,119,0
848,222,1535.82912381888,2693.04856702085,114,0
848,223,1924.12559320418,2453.15160288719,113,0
848,224,2998.08191030439,1126.31311224558,111,0
848,225,2978.44844428009,1508.60764168671,113,0
848,226,3626.5142046182,1271.0082997022,75,0
848,227,1927.73687311456,1811.03176977223,114,0
848,228,2203.90643614188,1501.75918106795,116,0
848,229,1257.7328688431,4375.46996930797,77,0
848,230,2669.54368940999,4634.34943229927,77,0
848,231,1659.19768257995,1016.35345931439,81,0
848,232,1011.91453988923,3397.14026129314,78,0
848,233,2422.94955314265,4487.84674704156,112,0
848,234,817.486503311344,1418.8875762905,77,0
848,235,2346.82805288318,4129.43620265102,76,0
848,236,2497.63168944481,4264.18330202716,111,0
848,237,4029.33700158237,4290.45532895088,112,1
848,238,1264.05088869276,4158.05437705062,115,0
848,239,1745.67473691336,4081.72859438586,111,0
848,240,2681.27848483672,5211.36290554032,76,2
848,241,1322.40854161519,1726.60527939395,113,0
848,242,1726.9399207229,1935.86671030544,110,0
848,243,1405.71351533443,4298.22192900793,75,0
848,244,1951.11428417015,4560.15995683263,111,0
848,245,3580.68742255964,5185.16435692394,113,2
848,246,1394.88172272533,2159.36111641555,112,0
848,247,2784.71140743164,4999.26323324531,78,0
848,248,530.365802149191,891.421348269244,115,0
848,249,2619.07336844558,1270.27227512975,110,0
848,250,1688.66066714883,513.80611376343,85,0
848,251,1067.04114745341,2762.59579449397,85,0
848,252,873.259647088216,2815.85797433951,116,0
848,253,456.374369552957,2335.35706724136,118,0
848,254,1009.09282193718,1154.51254314017,78,0
848,255,1723.2323800615,2328.53919453409,111,0
848,256,958.263442127641,1514.8302140385,80,0
848,257,766.467993574583,2581.95580039009,114,0
848,258,3724.42664801908,4690.31183219062,77,0
848,259,555.003413069419,1446.7534838917,119,0
848,260,952.167046860454,3039.39323703447,117,0
848,261,3220.51834292512,1207.12499758202,111,0
848,262,1932.8262790356,1164.35560303383,78,0
848,263,3860.08081285563,4783.26082168135,78,0
848,264,1493.58618404653,3686.8147884391,114,0
848,265,2102.0234527045,1285.22066809908,115,0
848,266,1137.72253158006,3866.84788798738,110,0
848,267,1263.21716719036,1393.93573604899,78,0
848,268,540.287761272669,2110.9515782875,113,0
848,269,2146.5717923537,1735.45884662347,110,0
848,270,414.248135229357,2730.95329040424,118,0
848,271,1480.98912884966,1060.224531283,76,0
848,272,1559.78362595871,1765.12422007996,111,0
848,273,1018.54107131404,1895.16965008549,76,0
848,274,4022.49996111085,1624.83111791075,105,1
848,275,2204.3790961606,4571.84243459403,111,0
848,276,421.720324817464,1249.43247195702,117,0
848,277,138.160275661326,3779.81278577675,84,-1
848,278,1160.34800363775,3663.75800502166,76,0
848,279,1948.59005281677,917.410140031848,76,0
848,280,2106.17236092411,2974.06932785582,84,0
848,281,2685.06816979882,1891.19674629131,80,0
848,282,3814.35072032847,5183.59073560882,113,2
848,283,1683.64688567598,4669.23151892807,79,0
848,284,3055.13556490864,1317.68939585741,79,0
848,285,1512.93051157465,4125.7822520049,110,0
848,286,3086.15151223138,4502.71439863635,112,0
848,287,2209.17751241946,3104.4431644642,78,0
848,288,1303.98555145478,3747.14699197171,79,0
848,289,3349.38003389331,5188.57625153626,110,2
848,290,811.864198514739,3230.59071497938,114,0
848,291,2655.19522946545,4435.89491790364,110,0
848,292,134.743995058877,3948.36420917414,84,-1
848,293,1153.35709828182,1563.48235490126,112,0
848,294,1976.18799761527,1575.16089294493,113,0
848,295,723.642050963921,1602.41426965856,117,0
848,296,2468.8011002382,5183.25264021068,110,2
848,297,2510.8767973079,4939.70780886607,77,0
848,298,4034.34059478306,2097.80257381852,119,1
848,299,3363.00197379195,4784.29086550357,111,0
848,300,735.861621185255,3632.92115155249,115,0
848,301,2897.95511728674,901.906175767133,115,0
848,302,1767.37638378525,2136.02959204298,80,0
848,303,1446.30586367378,3489.50876223265,76,0
848,304,1296.97194798849,3412.59201274375,80,0
848,305,1928.1776791272,4346.15362752118,76,0
848,306,2601.65157675798,1703.58054865032,115,0
848,307,935.695460871833,3792.77814368721,80,0
848,308,181.917787499717,3345.31926256298,113,-1
848,309,1877.48104145228,1358.326641059,113,0
848,310,4022.43941020773,1148.93936620308,109,1
848,311,420.706667726957,3371.3169343251,111,0
848,312,1085.78668654904,966.487055990416,115,0
848,313,2481.08465090902,4713.44834693935,110,0
848,314,1423.60868599472,1510.22778788502,108,0
848,315,1850.7188014922,4782.8344294463,110,0
848,316,3826.85172725123,1255.34374858184,109,0
848,317,3853.72708453741,1056.40256419978,77,0
848,318,2535.43509748371,1048.66126094102,118,0
848,319,1157.93398832231,2584.29496826129,116,0
848,320,1408.46000426536,1908.87619193999,80,0
848,321,964.191137045281,2632.86200056271,78,0
848,322,3004.49567620891,5017.67445109777,76,0
848,323,3423.3872443062,1213.58557963754,81,0
848,324,4036.23362989687,3322.43716411171,112,1
848,325,703.217881590439,999.968582307423,79,0
848,326,3145.50580839808,4874.52251137841,110,0
848,327,2156.72596216725,2441.1070362833,113,0
848,328,3115.35214484415,5184.19296195518,114,2
848,329,1540.68851720121,2012.50951243299,80,0
848,330,3806.35152995555,896.568779575441,77,0
848,331,684.146531427705,1969.31171089125,77,0
848,332,566.048847710057,2594.96745735797,83,0
848,333,651.885350178491,4125.68444539808,82,0
848,334,2074.71767762782,4720.42749816602,76,0
848,335,2914.6904786123,4841.49969084776,111,0
848,336,407.108947856381,1053.80143227341,79,0
848,337,1582.18830931975,2477.13075457041,78,0
848,338,627.527243750926,2438.44945258762,79,0
848,339,340.751034181582,3150.75827078316,107,0
848,340,607.732763446248,1763.76966630536,80,0
848,341,647.516916108984,3410.12059696522,114,0
848,342,1613.22002202449,1577.0476385705,85,0
848,343,3308.9817259669,4984.93307968434,79,0
848,344,417.426812153963,2530.46685972327,79,0
848,345,1768.07303889461,1193.23388342843,74,0
848,346,2685.61869288473,906.522600677281,76,0
848,347,4033.34495680188,3804.33973084843,109,1
848,348,1498.94524381863,4478.26298636734,109,0
848,349,2315.1849064708,961.70160935673,113,0
848,350,2900.18613695007,698.382949047864,77,0
848,351,824.675629129996,1111.12035162253,85,0
848,352,1268.43086950102,582.064345227877,75,0
848,353,848.760001896004,4139.79604444884,113,0
848,354,848.654390661576,3432.02491595449,81,0
848,355,2853.95732232589,1308.94125938803,109,0
848,356,2628.00933686392,5054.70727555188,78,0
848,357,4020.50403542567,1380.48543156492,104,1
848,358,1598.71649683137,1176.29636649245,77,0
848,359,4020.49204248846,915.57019195019,110,1
848,360,965.894274077498,3594.7911389435,112,0
848,361,947.526143500964,3961.94140521821,82,0
848,362,658.818781801151,2271.53854612634,79,0
848,363,2681.16607740968,4834.55090512511,114,0
848,364,252.998125391362,1845.58548675623,128,-1
848,365,2053.53662566623,126.533835908872,72,-2
848,366,762.18543478365,1821.41676872084,83,0
848,367,4030.71909640988,4706.05282281488,110,1
848,368,1126.603512908,1765.5680677319,83,0
848,369,2744.21089281055,752.638348778555,77,0
848,370,1428.01920740294,1277.14626433391,110,0
848,371,2264.53317015295,1164.31229055339,76,0
848,372,748.959942236984,799.781927332181,114,0
848,373,578.781271798054,3188.88891923348,113,0
848,374,359.088930454834,1487.4434838163,79,0
848,375,2086.09652390473,4409.99172117787,77,0
848,376,486.098264571627,2958.67519566169,114,0
848,377,756.442217483171,3881.16701660755,116,0
848,378,1135.41823658627,4974.09461872701,74,0
848,379,256.1867464479,2920.3392583528,118,-1
848,380,562.321427046683,1094.93522736195,82,0
848,381,576.954185503724,3975.58436953039,82,0
848,382,1067.95050822287,1341.52440017075,109,0
848,383,1084.34125578344,4059.46522124174,79,0
848,384,219.678713427103,2469.14301872409,116,-1
848,385,1766.60309731016,841.003900526971,111,0
848,386,2227.90697483574,5186.73546712781,111,2
848,387,642.077608013672,2779.71028150942,109,0
848,388,2097.29955135987,676.181669967833,79,0
848,389,2425.36016154514,1211.24922982106,77,0
848,390,2770.19818362855,1084.50336633419,116,0
848,391,2038.98172884558,5049.22444211777,76,0
848,392,684.628902408845,1248.10001053395,102,0
848,393,1852.58833471717,435.922443654969,77,0
848,394,169.124533479146,3577.89558974907,115,-1
848,395,1651.93898412345,4829.87699166574,76,0
848,396,930.172762760655,138.367136878367,101,-2
848,397,2098.68488545399,1044.78584493387,107,0
848,398,182.818514728239,2695.78203642978,109,-1
848,399,535.080699558245,3576.88746317893,81,0
848,400,1647.62834583729,5178.74144649096,108,2
848,401,713.364820922525,3006.81170702923,102,0
848,402,538.679160374363,3780.74443769188,113,0
848,403,1527.52426750121,851.337226545167,110,0
848,404,1053.08413704477,4257.55403015501,109,0
848,405,3698.04177693904,5016.83658007023,77,0
848,406,363.183926665589,3924.82275648538,123,0
848,407,3848.24479249827,4945.17285168133,77,0
848,408,935.735710557385,1703.90477634512,103,0
848,409,1733.79532711982,4472.45925848284,107,0
848,410,2509.79890769763,814.046165163922,113,0
848,411,2771.29572462579,585.835258730305,78,0
848,412,1310.24296234705,944.082481765737,113,0
848,413,1482.91400159631,4711.2460072071,113,0
848,414,3825.19757173132,596.838844443134,86,0
848,415,267.174796507949,2267.14302113369,85,0
848,416,1344.24150111786,750.330819744351,76,0
848,417,2274.75954253085,530.331336319202,76,0
848,418,1283.50888240831,4576.31664172265,113,0
848,419,3180.71146285756,972.859040118752,108,0
848,420,1049.29073034808,4833.10523554251,76,0
848,421,2056.41822486269,4884.50321185939,76,0
848,422,2190.09113694855,4982.65133320716,73,0
848,423,488.191570955467,4398.31008764107,84,0
848,424,301.305059691527,878.677013879847,113,0
848,425,1474.49695165205,587.750489145022,103,0
848,426,1885.16775524472,5183.7184032929,113,2
848,427,2220.01953947472,366.077830089213,84,0
848,428,2260.46368794012,4803.58760828491,113,0
848,429,954.405740211286,801.54963549245,75,0
848,430,3606.41921069651,908.987103533974,114,0
848,431,856.894031139085,361.245467696536,97,0
848,432,719.736364556593,559.212605142553,108,0
848,433,1061.71115882056,4492.04308919606,113,0
848,434,1544.67883726458,368.624994496049,118,0
848,435,1721.4883809039,4980.83939630298,77,0
848,436,886.311013320961,954.513176292866,76,0
848,437,130.605051696471,4205.12357896513,82,-1
848,438,1651.67073420754,677.057702572279,77,0
848,439,3505.49277416351,4954.37927679985,105,0
848,440,4034.45447297507,4938.17208580751,102,1
848,441,616.325590791745,4779.7268673671,74,0
848,442,372.243139808363,3568.59241727869,82,0
848,443,398.760384912291,461.244405018168,118,0
848,444,949.265942918402,4698.53953923639,79,0
848,445,376.028613618987,1997.21078646779,76,0
848,446,1143.04290462355,733.568320895692,104,0
848,447,240.714607300812,4082.30099169088,86,-1
848,448,1817.6870468074,646.076954315061,77,0
848,449,903.717723822695,648.839677962336,80,0
848,450,3896.16137175044,755.203240796962,79,0
848,451,696.340932030845,130.216290064823,104,-2
848,452,3526.92420593635,1087.5990917777,77,0
848,453,1420.5402657594,122.614499484576,89,-2
848,454,450.764506148144,191.737771175205,120,-2
848,455,583.731681527992,702.738114372684,77,0
848,456,1199.21524859481,372.276803710572,77,0
848,457,3727.51022396055,747.44169829026,76,0
848,458,143.342831177285,3149.01819441342,83,-1
848,459,194.392575380604,2074.87003551063,111,-1
848,460,210.863525021037,1619.18541999665,100,-1
848,461,884.187696172854,1264.16349282327,74,0
848,462,1957.87019392648,561.769337683065,98,0
848,463,669.897031711591,4328.186926282,112,0
848,464,2451.49497222594,611.608829581189,79,0
848,465,2280.0946382824,730.059835974337,110,0
848,466,605.809594987855,363.725000464785,111,0
848,467,2720.05037677446,159.471473953868,104,-2
848,468,1414.81399097304,5181.51086973975,111,2
848,469,1621.77486394921,146.460327930424,98,-2
848,470,1886.60237475385,4977.72304226456,75,0
848,471,1346.52880204107,435.91885801608,85,0
848,472,872.15993018259,4335.28507030322,74,0
848,473,3075.05242797157,799.94111807244,76,0
848,474,767.938181157864,4720.65088502587,80,0
848,475,1267.57717581674,4816.15943725323,110,0
848,476,3226.79245815343,726.403457421971,77,0
848,477,1118.58138298904,4681.94229526161,78,0
848,478,597.949364346806,4571.81779279392,112,0
848,479,1060.34933418281,520.336652815828,119,0
848,480,3383.13805460645,858.461666197738,120,0
848,481,220.157430863508,1352.76916224012,120,-1
848,482,939.226929917882,5174.59700511159,107,2
848,483,1197.51406275922,164.500964344461,114,-2
848,484,423.953635530462,661.914195886272,76,0
848,485,3071.4740371867,602.791165913065,114,0
848,486,2486.89779149807,155.810026537702,106,-2
848,487,4014.13944157411,191.135920381082,125,-2
848,488,1493.80783092684,4951.62803970202,106,0
848,489,1048.34721454927,302.314693045072,73,0
848,490,228.178204926229,628.8589353186,70,-1
848,491,161.564336812868,4402.74533878942,117,-1
848,492,1176.43350037574,5177.64963804858,111,2
848,493,1852.84994639394,147.300879457069,113,-2
848,494,2618.36152760447,642.754964521348,84,0
848,495,2250.72765859695,154.017881138571,100,-2
848,496,2653.97503407701,422.344035326715,119,0
848,497,337.975184239108,4251.49314915915,114,0
848,498,1301.85028985253,5005.25233922289,84,0
848,499,3215.33096356191,419.088586304801,118,0
848,500,958.49319039797,4966.56905305341,74,0
848,501,327.399160248677,4801.65785633686,84,0
848,502,2833.17511496164,339.322299761946,86,0
848,503,2020.5692300079,320.915821601386,116,0
848,504,3460.04732648793,680.9491828089,86,0
848,505,2955.20482497544,168.215297144453,105,-2
848,506,4031.38333819635,5174.5907776205,100,2
848,507,3021.71372407528,372.046647720223,87,0
848,508,3915.91433732177,402.313248662066,109,0
848,509,224.650455729069,1118.97373598378,126,-1
848,510,3313.36142092749,584.445924282656,79,0
848,511,2110.84099669894,501.963842433226,86,0
848,512,4023.24820913103,602.584227766191,111,1
848,513,3599.69688634721,274.160622006347,84,0
848,514,3188.51953503174,172.883513706134,104,-2
848,515,483.967811072119,4873.75054529576,83,0
848,516,3422.20682120624,179.866349224792,105,-2
848,517,3446.79843168048,425.821550448447,115,0
848,518,3633.82167523677,571.995468913192,111,0
848,519,186.103054862234,5159.23608111418,106,2
848,520,1732.41105339714,315.557249954045,82,0
848,521,158.010787315469,4687.18116976557,111,-1
848,522,3789.23745468383,199.753491982295,120,-2
848,523,1369.67000736832,277.734129448803,70,0
848,524,832.930165370485,4532.45890863329,109,0
848,525,2905.24990037223,488.502598361471,93,0
848,526,588.491868317445,5002.35875273047,86,0
848,527,700.227994190469,5164.78010572087,107,2
848,528,752.46447312575,4926.06505500832,104,0
848,529,154.53516334263,4919.40813924853,110,-1
848,530,357.842884386979,4972.0786037274,84,0
848,531,423.582522615604,5161.43157450644,106,2
848,532,2424.84034547486,385.855094118817,115,0
848,533,3713.82268527495,404.874131445457,89,0
848,534,347.441697948097,4547.98630742459,113,0
848,535,245.890484366243,287.87134763594,125,-1
848,536,463.223735643338,4711.06444275946,84,0
